# X (m), P (Pa)
3.8058166e-01 9.7203088e+04
3.7848717e-01 9.7141126e+04
3.7640794e-01 9.7048883e+04
3.7434384e-01 9.6981064e+04
3.7229478e-01 9.6907505e+04
3.7026064e-01 9.6834876e+04
3.6824132e-01 9.6761405e+04
3.6623670e-01 9.6687237e+04
3.6424667e-01 9.6612126e+04
3.6227114e-01 9.6535960e+04
3.6030999e-01 9.6458645e+04
3.5836312e-01 9.6380124e+04
3.5643042e-01 9.6300362e+04
3.5451180e-01 9.6219338e+04
3.5260715e-01 9.6137045e+04
3.5071636e-01 9.6053478e+04
3.4883934e-01 9.5968630e+04
3.4697598e-01 9.5882494e+04
3.4512618e-01 9.5795068e+04
3.4328985e-01 9.5706364e+04
3.4146689e-01 9.5616397e+04
3.3965720e-01 9.5525182e+04
3.3786068e-01 9.5432726e+04
3.3607723e-01 9.5339020e+04
3.3430676e-01 9.5244048e+04
3.3254918e-01 9.5147799e+04
3.3080439e-01 9.5050268e+04
3.2907230e-01 9.4951450e+04
3.2735281e-01 9.4851342e+04
3.2564584e-01 9.4749937e+04
3.2395128e-01 9.4647227e+04
3.2226905e-01 9.4543199e+04
3.2059907e-01 9.4437837e+04
3.1894123e-01 9.4331116e+04
3.1729546e-01 9.4223019e+04
3.1566165e-01 9.4113547e+04
3.1403974e-01 9.4002713e+04
3.1242962e-01 9.3890537e+04
3.1083122e-01 9.3777043e+04
3.0924444e-01 9.3662259e+04
3.0766920e-01 9.3546220e+04
3.0610542e-01 9.3428970e+04
3.0455301e-01 9.3310555e+04
3.0301189e-01 9.3191024e+04
3.0148197e-01 9.3070426e+04
2.9996318e-01 9.2948809e+04
2.9845544e-01 9.2826224e+04
2.9695866e-01 9.2702716e+04
2.9547275e-01 9.2578338e+04
2.9399766e-01 9.2453142e+04
2.9253328e-01 9.2327186e+04
2.9107956e-01 9.2200528e+04
2.8963640e-01 9.2073229e+04
2.8820373e-01 9.1945352e+04
2.8678148e-01 9.1816959e+04
2.8536957e-01 9.1688115e+04
2.8396793e-01 9.1558884e+04
2.8257648e-01 9.1429330e+04
2.8119515e-01 9.1299518e+04
2.7982387e-01 9.1169513e+04
2.7846256e-01 9.1039376e+04
2.7711116e-01 9.0909172e+04
2.7576959e-01 9.0778962e+04
2.7443778e-01 9.0648806e+04
2.7311566e-01 9.0518763e+04
2.7180317e-01 9.0388892e+04
2.7050024e-01 9.0259247e+04
2.6920680e-01 9.0129883e+04
2.6792278e-01 9.0000851e+04
2.6664811e-01 8.9872202e+04
2.6538274e-01 8.9743984e+04
2.6412659e-01 8.9616242e+04
2.6287961e-01 8.9489021e+04
2.6164171e-01 8.9362361e+04
2.6041286e-01 8.9236303e+04
2.5919297e-01 8.9110884e+04
2.5798199e-01 8.8986139e+04
2.5677985e-01 8.8862099e+04
2.5558650e-01 8.8738795e+04
2.5440187e-01 8.8616252e+04
2.5322590e-01 8.8494498e+04
2.5205853e-01 8.8373556e+04
2.5089970e-01 8.8253448e+04
2.4974935e-01 8.8134193e+04
2.4860742e-01 8.8015810e+04
2.4747385e-01 8.7898314e+04
2.4634858e-01 8.7781721e+04
2.4523156e-01 8.7666041e+04
2.4412272e-01 8.7551287e+04
2.4302202e-01 8.7437468e+04
2.4192938e-01 8.7324590e+04
2.4084476e-01 8.7212661e+04
2.3976809e-01 8.7101685e+04
2.3869933e-01 8.6991665e+04
2.3763841e-01 8.6882603e+04
2.3658527e-01 8.6774502e+04
2.3553987e-01 8.6667363e+04
2.3450215e-01 8.6561190e+04
2.3347204e-01 8.6455984e+04
2.3244950e-01 8.6351742e+04
2.3143448e-01 8.6248444e+04
2.3042692e-01 8.6146052e+04
2.2942676e-01 8.6044545e+04
2.2843395e-01 8.5943933e+04
2.2744844e-01 8.5844232e+04
2.2647017e-01 8.5745444e+04
2.2549909e-01 8.5647565e+04
2.2453514e-01 8.5550586e+04
2.2357827e-01 8.5454495e+04
2.2262843e-01 8.5359274e+04
2.2168556e-01 8.5264899e+04
2.2074963e-01 8.5171339e+04
2.1982057e-01 8.5078568e+04
2.1889833e-01 8.4986583e+04
2.1798286e-01 8.4895394e+04
2.1707411e-01 8.4805000e+04
2.1617203e-01 8.4715386e+04
2.1527657e-01 8.4626532e+04
2.1438768e-01 8.4538424e+04
2.1350530e-01 8.4451049e+04
2.1262940e-01 8.4364392e+04
2.1175991e-01 8.4278440e+04
2.1089679e-01 8.4193182e+04
2.1004000e-01 8.4108603e+04
2.0918948e-01 8.4024693e+04
2.0834518e-01 8.3941438e+04
2.0750707e-01 8.3858826e+04
2.0667509e-01 8.3776845e+04
2.0584919e-01 8.3695484e+04
2.0502933e-01 8.3614730e+04
2.0421546e-01 8.3534573e+04
2.0340754e-01 8.3455000e+04
2.0260552e-01 8.3376001e+04
2.0180936e-01 8.3297566e+04
2.0101901e-01 8.3219682e+04
2.0023442e-01 8.3142339e+04
1.9945556e-01 8.3065528e+04
1.9868237e-01 8.2989238e+04
1.9791482e-01 8.2913459e+04
1.9715286e-01 8.2838181e+04
1.9639644e-01 8.2763395e+04
1.9564554e-01 8.2689092e+04
1.9490009e-01 8.2615262e+04
1.9416007e-01 8.2541897e+04
1.9342543e-01 8.2468988e+04
1.9269613e-01 8.2396528e+04
1.9197212e-01 8.2324510e+04
1.9125337e-01 8.2252927e+04
1.9053984e-01 8.2181774e+04
1.8983148e-01 8.2111040e+04
1.8912826e-01 8.2040712e+04
1.8843014e-01 8.1970776e+04
1.8773707e-01 8.1901226e+04
1.8704903e-01 8.1832056e+04
1.8636596e-01 8.1763265e+04
1.8568784e-01 8.1694847e+04
1.8501462e-01 8.1626796e+04
1.8434627e-01 8.1559106e+04
1.8368274e-01 8.1491771e+04
1.8302401e-01 8.1424786e+04
1.8237004e-01 8.1358143e+04
1.8172078e-01 8.1291838e+04
1.8107620e-01 8.1225866e+04
1.8043627e-01 8.1160220e+04
1.7980095e-01 8.1094896e+04
1.7917020e-01 8.1029890e+04
1.7854399e-01 8.0965196e+04
1.7792229e-01 8.0900809e+04
1.7730506e-01 8.0836726e+04
1.7669226e-01 8.0772942e+04
1.7608387e-01 8.0709453e+04
1.7547984e-01 8.0646256e+04
1.7488015e-01 8.0583346e+04
1.7428476e-01 8.0520719e+04
1.7369364e-01 8.0458373e+04
1.7310675e-01 8.0396304e+04
1.7252407e-01 8.0334508e+04
1.7194555e-01 8.0272983e+04
1.7137118e-01 8.0211725e+04
1.7080092e-01 8.0150732e+04
1.7023473e-01 8.0090001e+04
1.6967258e-01 8.0029528e+04
1.6911445e-01 7.9969312e+04
1.6856030e-01 7.9909349e+04
1.6801011e-01 7.9849637e+04
1.6746383e-01 7.9790175e+04
1.6692145e-01 7.9730959e+04
1.6638294e-01 7.9671987e+04
1.6584825e-01 7.9613257e+04
1.6531737e-01 7.9554767e+04
1.6479026e-01 7.9496515e+04
1.6426690e-01 7.9438499e+04
1.6374726e-01 7.9380717e+04
1.6323130e-01 7.9323167e+04
1.6271900e-01 7.9265847e+04
1.6221034e-01 7.9208755e+04
1.6170528e-01 7.9151891e+04
1.6120380e-01 7.9095251e+04
1.6070587e-01 7.9038835e+04
1.6021146e-01 7.8982641e+04
1.5972055e-01 7.8926667e+04
1.5923310e-01 7.8870912e+04
1.5874910e-01 7.8815376e+04
1.5826851e-01 7.8760056e+04
1.5779131e-01 7.8704953e+04
1.5731748e-01 7.8650064e+04
1.5684698e-01 7.8595387e+04
1.5637980e-01 7.8540922e+04
1.5591590e-01 7.8486665e+04
1.5545527e-01 7.8432616e+04
1.5499787e-01 7.8378774e+04
1.5454368e-01 7.8325137e+04
1.5409268e-01 7.8271705e+04
1.5364485e-01 7.8218475e+04
1.5320015e-01 7.8165446e+04
1.5275857e-01 7.8112619e+04
1.5232008e-01 7.8059990e+04
1.5188465e-01 7.8007560e+04
1.5145227e-01 7.7955326e+04
1.5102291e-01 7.7903289e+04
1.5059655e-01 7.7851445e+04
1.5017316e-01 7.7799796e+04
1.4975272e-01 7.7748338e+04
1.4933521e-01 7.7697072e+04
1.4892060e-01 7.7645996e+04
1.4850888e-01 7.7595108e+04
1.4810002e-01 7.7544409e+04
1.4769400e-01 7.7493897e+04
1.4729079e-01 7.7443570e+04
1.4689038e-01 7.7393428e+04
1.4649275e-01 7.7343469e+04
1.4609786e-01 7.7293693e+04
1.4570571e-01 7.7244097e+04
1.4531627e-01 7.7194682e+04
1.4492952e-01 7.7145447e+04
1.4454543e-01 7.7096389e+04
1.4416399e-01 7.7047508e+04
1.4378518e-01 7.6998804e+04
1.4340897e-01 7.6950275e+04
1.4303536e-01 7.6901920e+04
1.4266430e-01 7.6853739e+04
1.4229580e-01 7.6805730e+04
1.4192982e-01 7.6757892e+04
1.4156634e-01 7.6710224e+04
1.4120536e-01 7.6662726e+04
1.4084684e-01 7.6615397e+04
1.4049077e-01 7.6568235e+04
1.4013713e-01 7.6521240e+04
1.3978590e-01 7.6474411e+04
1.3943706e-01 7.6427747e+04
1.3909059e-01 7.6381248e+04
1.3874648e-01 7.6334912e+04
1.3840471e-01 7.6288740e+04
1.3806525e-01 7.6242729e+04
1.3772809e-01 7.6196880e+04
1.3739321e-01 7.6151192e+04
1.3706060e-01 7.6105664e+04
1.3673023e-01 7.6060294e+04
1.3640209e-01 7.6015084e+04
1.3607616e-01 7.5970032e+04
1.3575242e-01 7.5925137e+04
1.3543086e-01 7.5880399e+04
1.3511145e-01 7.5835819e+04
1.3479419e-01 7.5791394e+04
1.3447905e-01 7.5747125e+04
1.3416602e-01 7.5703011e+04
1.3385508e-01 7.5659052e+04
1.3354621e-01 7.5615247e+04
1.3323940e-01 7.5571596e+04
1.3293463e-01 7.5528098e+04
1.3263189e-01 7.5484754e+04
1.3233115e-01 7.5441563e+04
1.3203241e-01 7.5398524e+04
1.3173564e-01 7.5355639e+04
1.3144083e-01 7.5312907e+04
1.3114797e-01 7.5270327e+04
1.3085704e-01 7.5227899e+04
1.3056802e-01 7.5185623e+04
1.3028090e-01 7.5143500e+04
1.2999566e-01 7.5101529e+04
1.2971229e-01 7.5059710e+04
1.2943077e-01 7.5018043e+04
1.2915109e-01 7.4976528e+04
1.2887323e-01 7.4935167e+04
1.2859718e-01 7.4893958e+04
1.2832292e-01 7.4852903e+04
1.2805044e-01 7.4812001e+04
1.2777973e-01 7.4771253e+04
1.2751076e-01 7.4730658e+04
1.2724353e-01 7.4690217e+04
1.2697802e-01 7.4649931e+04
1.2671421e-01 7.4609800e+04
1.2645210e-01 7.4569824e+04
1.2619167e-01 7.4530004e+04
1.2593290e-01 7.4490340e+04
1.2567578e-01 7.4450834e+04
1.2542030e-01 7.4411485e+04
1.2516644e-01 7.4372295e+04
1.2491419e-01 7.4333263e+04
1.2466354e-01 7.4294390e+04
1.2441447e-01 7.4255677e+04
1.2416697e-01 7.4217124e+04
1.2392103e-01 7.4178732e+04
1.2367663e-01 7.4140501e+04
1.2343376e-01 7.4102433e+04
1.2319241e-01 7.4064528e+04
1.2295257e-01 7.4026786e+04
1.2271421e-01 7.3989210e+04
1.2247734e-01 7.3951799e+04
1.2224193e-01 7.3914553e+04
1.2200797e-01 7.3877474e+04
1.2177546e-01 7.3840562e+04
1.2154437e-01 7.3803817e+04
1.2131471e-01 7.3767239e+04
1.2108644e-01 7.3730830e+04
1.2085957e-01 7.3694590e+04
1.2063408e-01 7.3658519e+04
1.2040996e-01 7.3622617e+04
1.2018719e-01 7.3586884e+04
1.1996577e-01 7.3551321e+04
1.1974568e-01 7.3515927e+04
1.1952691e-01 7.3480703e+04
1.1930945e-01 7.3445652e+04
1.1909329e-01 7.3410776e+04
1.1887841e-01 7.3376075e+04
1.1866481e-01 7.3341547e+04
1.1845247e-01 7.3307193e+04
1.1824138e-01 7.3273012e+04
1.1803153e-01 7.3239002e+04
1.1782291e-01 7.3205166e+04
1.1761551e-01 7.3171501e+04
1.1740932e-01 7.3138009e+04
1.1720432e-01 7.3104687e+04
1.1700051e-01 7.3071536e+04
1.1679788e-01 7.3038554e+04
1.1659640e-01 7.3005741e+04
1.1639608e-01 7.2973096e+04
1.1619691e-01 7.2940617e+04
1.1599886e-01 7.2908305e+04
1.1580193e-01 7.2876158e+04
1.1560612e-01 7.2844174e+04
1.1541140e-01 7.2812353e+04
1.1521778e-01 7.2780694e+04
1.1502523e-01 7.2749193e+04
1.1483375e-01 7.2717850e+04
1.1464334e-01 7.2686661e+04
1.1445397e-01 7.2655625e+04
1.1426564e-01 7.2624740e+04
1.1407833e-01 7.2594002e+04
1.1389205e-01 7.2563410e+04
1.1370678e-01 7.2532961e+04
1.1352250e-01 7.2502653e+04
1.1333921e-01 7.2472483e+04
1.1315691e-01 7.2442447e+04
1.1297557e-01 7.2412542e+04
1.1279519e-01 7.2382763e+04
1.1261576e-01 7.2353108e+04
1.1243727e-01 7.2323572e+04
1.1225972e-01 7.2294152e+04
1.1208308e-01 7.2264843e+04
1.1190736e-01 7.2235642e+04
1.1173254e-01 7.2206545e+04
1.1155861e-01 7.2177546e+04
1.1138557e-01 7.2148641e+04
1.1121340e-01 7.2119824e+04
1.1104210e-01 7.2091090e+04
1.1087165e-01 7.2062433e+04
1.1070206e-01 7.2033849e+04
1.1053330e-01 7.2005331e+04
1.1036537e-01 7.1976876e+04
1.1019826e-01 7.1948477e+04
1.1003196e-01 7.1920126e+04
1.0986647e-01 7.1891817e+04
1.0970176e-01 7.1863544e+04
1.0953785e-01 7.1835299e+04
1.0937471e-01 7.1807076e+04
1.0921234e-01 7.1778870e+04
1.0905072e-01 7.1750671e+04
1.0888986e-01 7.1722472e+04
1.0872974e-01 7.1694265e+04
1.0857035e-01 7.1666041e+04
1.0841169e-01 7.1637793e+04
1.0825374e-01 7.1609513e+04
1.0809650e-01 7.1581192e+04
1.0793996e-01 7.1552822e+04
1.0778411e-01 7.1524391e+04
1.0762894e-01 7.1495890e+04
1.0747445e-01 7.1467310e+04
1.0732063e-01 7.1438641e+04
1.0716746e-01 7.1409874e+04
1.0701494e-01 7.1380994e+04
1.0686306e-01 7.1351992e+04
1.0671182e-01 7.1322855e+04
1.0656120e-01 7.1293572e+04
1.0641120e-01 7.1264132e+04
1.0626181e-01 7.1234520e+04
1.0611302e-01 7.1204722e+04
1.0596482e-01 7.1174723e+04
1.0581721e-01 7.1144510e+04
1.0567017e-01 7.1114069e+04
1.0552371e-01 7.1083382e+04
1.0537781e-01 7.1052431e+04
1.0523246e-01 7.1021201e+04
1.0508766e-01 7.0989677e+04
1.0494339e-01 7.0957840e+04
1.0479966e-01 7.0925670e+04
1.0465645e-01 7.0893150e+04
1.0451376e-01 7.0860264e+04
1.0437157e-01 7.0826995e+04
1.0422988e-01 7.0793325e+04
1.0408869e-01 7.0759236e+04
1.0394798e-01 7.0724714e+04
1.0380775e-01 7.0689747e+04
1.0366799e-01 7.0654317e+04
1.0352869e-01 7.0618408e+04
1.0338985e-01 7.0582009e+04
1.0325145e-01 7.0545108e+04
1.0311350e-01 7.0507687e+04
1.0297598e-01 7.0469732e+04
1.0283888e-01 7.0431232e+04
1.0270220e-01 7.0392176e+04
1.0256593e-01 7.0352544e+04
1.0243007e-01 7.0312321e+04
1.0229460e-01 7.0271495e+04
1.0215953e-01 7.0230050e+04
1.0202483e-01 7.0187965e+04
1.0189051e-01 7.0145222e+04
1.0175655e-01 7.0101807e+04
1.0162296e-01 7.0057707e+04
1.0148972e-01 7.0012903e+04
1.0135682e-01 6.9967375e+04
1.0122427e-01 6.9921105e+04
1.0109205e-01 6.9874070e+04
1.0096015e-01 6.9826238e+04
1.0082857e-01 6.9777581e+04
1.0069730e-01 6.9728072e+04
1.0056633e-01 6.9677685e+04
1.0043566e-01 6.9626382e+04
1.0030528e-01 6.9574128e+04
1.0017518e-01 6.9520890e+04
1.0004536e-01 6.9466630e+04
9.9915804e-02 6.9411303e+04
9.9786513e-02 6.9354855e+04
9.9657476e-02 6.9297248e+04
9.9528687e-02 6.9238420e+04
9.9400139e-02 6.9178302e+04
9.9271826e-02 6.9116870e+04
9.9143739e-02 6.9054053e+04
9.9015874e-02 6.8989767e+04
9.8888221e-02 6.8923977e+04
9.8760776e-02 6.8856609e+04
9.8633530e-02 6.8787574e+04
9.8506478e-02 6.8716815e+04
9.8379612e-02 6.8644280e+04
9.8252925e-02 6.8569899e+04
9.8126412e-02 6.8493595e+04
9.8000064e-02 6.8415295e+04
9.7873875e-02 6.8334883e+04
9.7747839e-02 6.8252229e+04
9.7621948e-02 6.8167231e+04
9.7496196e-02 6.8079789e+04
9.7370577e-02 6.7989790e+04
9.7245083e-02 6.7897089e+04
9.7119708e-02 6.7801525e+04
9.6994444e-02 6.7702937e+04
9.6869286e-02 6.7601145e+04
9.6744227e-02 6.7495973e+04
9.6619260e-02 6.7387222e+04
9.6494377e-02 6.7274649e+04
9.6369573e-02 6.7158024e+04
9.6244841e-02 6.7037131e+04
9.6120174e-02 6.6911726e+04
9.5995565e-02 6.6781483e+04
9.5871007e-02 6.6646025e+04
9.5746496e-02 6.6505035e+04
9.5622023e-02 6.6358201e+04
9.5497582e-02 6.6205094e+04
9.5373162e-02 6.6045185e+04
9.5248768e-02 6.5877997e+04
9.5124413e-02 6.5702977e+04
9.5000000e-02 6.5519301e+04
9.4875585e-02 6.5326473e+04
9.4751228e-02 6.5124162e+04
9.4626827e-02 6.4911617e+04
9.4502409e-02 6.4688202e+04
9.4377972e-02 6.4453300e+04
9.4253507e-02 6.4206016e+04
9.4129012e-02 6.3945372e+04
9.4004480e-02 6.3670365e+04
9.3879907e-02 6.3379981e+04
9.3755288e-02 6.3073176e+04
9.3630618e-02 6.2748868e+04
9.3505893e-02 6.2405925e+04
9.3381106e-02 6.2043175e+04
9.3256254e-02 6.1659414e+04
9.3131331e-02 6.1253421e+04
9.3006333e-02 6.0823974e+04
9.2881254e-02 6.0369871e+04
9.2756089e-02 5.9889956e+04
9.2630833e-02 5.9383156e+04
9.2505483e-02 5.8848532e+04
9.2380031e-02 5.8285343e+04
9.2254475e-02 5.7693118e+04
9.2128808e-02 5.7071726e+04
9.2003025e-02 5.6421456e+04
9.1877122e-02 5.5743110e+04
9.1751094e-02 5.5038175e+04
9.1624935e-02 5.4309037e+04
9.1498641e-02 5.3559209e+04
9.1372207e-02 5.2793535e+04
9.1245627e-02 5.2018372e+04
9.1118897e-02 5.1241701e+04
9.0992011e-02 5.0473104e+04
9.0864965e-02 4.9723534e+04
9.0737753e-02 4.9004802e+04
9.0610370e-02 4.8328771e+04
9.0482812e-02 4.7706313e+04
9.0355074e-02 4.7146218e+04
9.0227149e-02 4.6654280e+04
9.0099034e-02 4.6232798e+04
8.9970722e-02 4.5880612e+04
8.9842210e-02 4.5593608e+04
8.9713491e-02 4.5365549e+04
8.9584562e-02 4.5189004e+04
8.9455416e-02 4.5056190e+04
8.9326048e-02 4.4959606e+04
8.9196454e-02 4.4892435e+04
8.9066628e-02 4.4848800e+04
8.8936566e-02 4.4823595e+04
8.8806261e-02 4.4812745e+04
8.8675709e-02 4.4813357e+04
8.8544904e-02 4.4822644e+04
8.8413842e-02 4.4838438e+04
8.8282517e-02 4.4859343e+04
8.8150924e-02 4.4884107e+04
8.8019058e-02 4.4911834e+04
8.7886913e-02 4.4941823e+04
8.7754485e-02 4.4973546e+04
8.7621767e-02 4.5006603e+04
8.7488756e-02 4.5040692e+04
8.7355444e-02 4.5075586e+04
8.7221828e-02 4.5111112e+04
8.7087902e-02 4.5147142e+04
8.6953660e-02 4.5183579e+04
8.6819098e-02 4.5220350e+04
8.6684209e-02 4.5257402e+04
8.6548989e-02 4.5294694e+04
8.6413432e-02 4.5332197e+04
8.6277533e-02 4.5369888e+04
8.6141286e-02 4.5407751e+04
8.6004686e-02 4.5445774e+04
8.5867728e-02 4.5483950e+04
8.5730405e-02 4.5522271e+04
8.5592714e-02 4.5560735e+04
8.5454647e-02 4.5599338e+04
8.5316200e-02 4.5638079e+04
8.5177367e-02 4.5676957e+04
8.5038143e-02 4.5715972e+04
8.4898522e-02 4.5755125e+04
8.4758499e-02 4.5794417e+04
8.4618067e-02 4.5833847e+04
8.4477222e-02 4.5873418e+04
8.4335958e-02 4.5913131e+04
8.4194269e-02 4.5952986e+04
8.4052150e-02 4.5992987e+04
8.3909594e-02 4.6033134e+04
8.3766597e-02 4.6073428e+04
8.3623153e-02 4.6113873e+04
8.3479255e-02 4.6154468e+04
8.3334898e-02 4.6195217e+04
8.3190077e-02 4.6236120e+04
8.3044786e-02 4.6277180e+04
8.2899018e-02 4.6318399e+04
8.2752769e-02 4.6359777e+04
8.2606032e-02 4.6401318e+04
8.2458801e-02 4.6443023e+04
8.2311071e-02 4.6484894e+04
8.2162836e-02 4.6526932e+04
8.2014089e-02 4.6569139e+04
8.1864826e-02 4.6611519e+04
8.1715039e-02 4.6654071e+04
8.1564724e-02 4.6696799e+04
8.1413873e-02 4.6739704e+04
8.1262482e-02 4.6782788e+04
8.1110544e-02 4.6826053e+04
8.0958052e-02 4.6869501e+04
8.0805002e-02 4.6913134e+04
8.0651386e-02 4.6956954e+04
8.0497199e-02 4.7000962e+04
8.0342435e-02 4.7045162e+04
8.0187087e-02 4.7089555e+04
8.0031150e-02 4.7134142e+04
7.9874616e-02 4.7178927e+04
7.9717481e-02 4.7223910e+04
7.9559737e-02 4.7269095e+04
7.9401378e-02 4.7314482e+04
7.9242399e-02 4.7360075e+04
7.9082792e-02 4.7405875e+04
7.8922551e-02 4.7451884e+04
7.8761671e-02 4.7498105e+04
7.8600144e-02 4.7544539e+04
7.8437964e-02 4.7591189e+04
7.8275125e-02 4.7638057e+04
7.8111620e-02 4.7685145e+04
7.7947443e-02 4.7732455e+04
7.7782587e-02 4.7779989e+04
7.7617045e-02 4.7827750e+04
7.7450812e-02 4.7875739e+04
7.7283880e-02 4.7923959e+04
7.7116243e-02 4.7972413e+04
7.6947894e-02 4.8021101e+04
7.6778827e-02 4.8070028e+04
7.6609034e-02 4.8119194e+04
7.6438509e-02 4.8168602e+04
7.6267245e-02 4.8218255e+04
7.6095236e-02 4.8268154e+04
7.5922474e-02 4.8318303e+04
7.5748952e-02 4.8368703e+04
7.5574665e-02 4.8419356e+04
7.5399604e-02 4.8470265e+04
7.5223763e-02 4.8521433e+04
7.5047134e-02 4.8572862e+04
7.4869712e-02 4.8624553e+04
7.4691488e-02 4.8676510e+04
7.4512456e-02 4.8728736e+04
7.4332608e-02 4.8781231e+04
7.4151938e-02 4.8833999e+04
7.3970438e-02 4.8887043e+04
7.3788100e-02 4.8940364e+04
7.3604919e-02 4.8993965e+04
7.3420886e-02 4.9047850e+04
7.3235993e-02 4.9102019e+04
7.3050235e-02 4.9156476e+04
7.2863603e-02 4.9211223e+04
7.2676089e-02 4.9266264e+04
7.2487687e-02 4.9321599e+04
7.2298389e-02 4.9377233e+04
7.2108187e-02 4.9433167e+04
7.1917074e-02 4.9489404e+04
7.1725043e-02 4.9545948e+04
7.1532084e-02 4.9602800e+04
7.1338192e-02 4.9659963e+04
7.1143358e-02 4.9717440e+04
7.0947574e-02 4.9775233e+04
7.0750832e-02 4.9833346e+04
7.0553126e-02 4.9891782e+04
7.0354446e-02 4.9950542e+04
7.0154785e-02 5.0009629e+04
6.9954135e-02 5.0069047e+04
6.9752488e-02 5.0128799e+04
6.9549837e-02 5.0188886e+04
6.9346172e-02 5.0249313e+04
6.9141486e-02 5.0310081e+04
6.8935770e-02 5.0371194e+04
6.8729017e-02 5.0432655e+04
6.8521218e-02 5.0494466e+04
6.8312365e-02 5.0556631e+04
6.8102450e-02 5.0619152e+04
6.7891464e-02 5.0682032e+04
6.7679399e-02 5.0745275e+04
6.7466247e-02 5.0808882e+04
6.7251998e-02 5.0872858e+04
6.7036645e-02 5.0937204e+04
6.6820178e-02 5.1001925e+04
6.6602590e-02 5.1067022e+04
6.6383871e-02 5.1132499e+04
6.6164014e-02 5.1198358e+04
6.5943008e-02 5.1264603e+04
6.5720845e-02 5.1331237e+04
6.5497517e-02 5.1398261e+04
6.5273014e-02 5.1465680e+04
6.5047328e-02 5.1533496e+04
6.4820450e-02 5.1601712e+04
6.4592370e-02 5.1670330e+04
6.4363080e-02 5.1739355e+04
6.4132570e-02 5.1808788e+04
6.3900831e-02 5.1878632e+04
6.3667854e-02 5.1948891e+04
6.3433630e-02 5.2019568e+04
6.3198149e-02 5.2090665e+04
6.2961402e-02 5.2162185e+04
6.2723380e-02 5.2234132e+04
6.2484072e-02 5.2306509e+04
6.2243470e-02 5.2379319e+04
6.2001565e-02 5.2452565e+04
6.1758345e-02 5.2526251e+04
6.1513802e-02 5.2600379e+04
6.1267926e-02 5.2674953e+04
6.1020707e-02 5.2749978e+04
6.0772135e-02 5.2825456e+04
6.0522200e-02 5.2901390e+04
6.0270893e-02 5.2977786e+04
6.0018204e-02 5.3054646e+04
5.9764121e-02 5.3131975e+04
5.9508636e-02 5.3209776e+04
5.9251738e-02 5.3288054e+04
5.8993416e-02 5.3366812e+04
5.8733661e-02 5.3446055e+04
5.8472463e-02 5.3525787e+04
5.8209810e-02 5.3606012e+04
5.7945692e-02 5.3686735e+04
5.7680099e-02 5.3767960e+04
5.7413021e-02 5.3849691e+04
5.7144446e-02 5.3931932e+04
5.6874363e-02 5.4014689e+04
5.6602763e-02 5.4097966e+04
5.6329635e-02 5.4181767e+04
5.6054966e-02 5.4266096e+04
5.5778748e-02 5.4350959e+04
5.5500967e-02 5.4436360e+04
5.5221615e-02 5.4522303e+04
5.4940678e-02 5.4608792e+04
5.4658147e-02 5.4695833e+04
5.4374010e-02 5.4783430e+04
5.4088255e-02 5.4871587e+04
5.3800871e-02 5.4960308e+04
5.3511847e-02 5.5049600e+04
5.3221172e-02 5.5139464e+04
5.2928833e-02 5.5229907e+04
5.2634820e-02 5.5320933e+04
5.2339119e-02 5.5412546e+04
5.2041721e-02 5.5504751e+04
5.1742612e-02 5.5597551e+04
5.1441781e-02 5.5690952e+04
5.1139216e-02 5.5784958e+04
5.0834904e-02 5.5879573e+04
5.0528835e-02 5.5974802e+04
5.0220995e-02 5.6070649e+04
4.9911373e-02 5.6167119e+04
4.9599955e-02 5.6264215e+04
4.9286730e-02 5.6361943e+04
4.8971686e-02 5.6460306e+04
4.8654809e-02 5.6559310e+04
4.8336087e-02 5.6658958e+04
4.8015507e-02 5.6759255e+04
4.7693057e-02 5.6860205e+04
4.7368724e-02 5.6961813e+04
4.7042495e-02 5.7064083e+04
4.6714356e-02 5.7167019e+04
4.6384296e-02 5.7270626e+04
4.6052300e-02 5.7374908e+04
4.5718356e-02 5.7479870e+04
4.5382450e-02 5.7585516e+04
4.5044569e-02 5.7691850e+04
4.4704700e-02 5.7798877e+04
4.4362829e-02 5.7906601e+04
4.4018942e-02 5.8015027e+04
4.3673025e-02 5.8124159e+04
4.3325066e-02 5.8234001e+04
4.2975050e-02 5.8344559e+04
4.2622963e-02 5.8455835e+04
4.2268792e-02 5.8567833e+04
4.1912522e-02 5.8680550e+04
4.1554138e-02 5.8793969e+04
4.1193628e-02 5.8908053e+04
4.0830976e-02 5.9022888e+04
4.0466167e-02 5.9138841e+04
4.0099190e-02 5.9256253e+04
3.9730026e-02 5.9375081e+04
3.9358663e-02 5.9495042e+04
3.8985085e-02 5.9615873e+04
3.8609278e-02 5.9737397e+04
3.8231226e-02 5.9859503e+04
3.7850916e-02 5.9982115e+04
3.7468331e-02 6.0105187e+04
3.7083457e-02 6.0228685e+04
3.6696278e-02 6.0352592e+04
3.6306779e-02 6.0476895e+04
3.5914945e-02 6.0601589e+04
3.5520759e-02 6.0726670e+04
3.5124208e-02 6.0852139e+04
3.4725274e-02 6.0977995e+04
3.4323942e-02 6.1104243e+04
3.3920196e-02 6.1230884e+04
3.3514020e-02 6.1357923e+04
3.3105399e-02 6.1485362e+04
3.2694315e-02 6.1613206e+04
3.2280752e-02 6.1741459e+04
3.1864695e-02 6.1870124e+04
3.1446126e-02 6.1999207e+04
3.1025030e-02 6.2128710e+04
3.0601389e-02 6.2258637e+04
3.0175186e-02 6.2388993e+04
2.9746406e-02 6.2519782e+04
2.9315030e-02 6.2651006e+04
2.8881042e-02 6.2782670e+04
2.8444424e-02 6.2914776e+04
2.8005160e-02 6.3047329e+04
2.7563231e-02 6.3180331e+04
2.7118621e-02 6.3313785e+04
2.6671311e-02 6.3447694e+04
2.6221285e-02 6.3582061e+04
2.5768524e-02 6.3716888e+04
2.5313010e-02 6.3852177e+04
2.4854725e-02 6.3987930e+04
2.4393652e-02 6.4124149e+04
2.3929771e-02 6.4260834e+04
2.3463065e-02 6.4397988e+04
2.2993515e-02 6.4535609e+04
2.2521102e-02 6.4673698e+04
2.2045808e-02 6.4812257e+04
2.1567614e-02 6.4951296e+04
2.1086501e-02 6.5090828e+04
2.0602450e-02 6.5230760e+04
2.0115443e-02 6.5370877e+04
1.9625458e-02 6.5511046e+04
1.9132477e-02 6.5651367e+04
1.8636482e-02 6.5792033e+04
1.8137451e-02 6.5933203e+04
1.7635366e-02 6.6074989e+04
1.7130206e-02 6.6217471e+04
1.6621952e-02 6.6360706e+04
1.6110582e-02 6.6504735e+04
1.5596078e-02 6.6649589e+04
1.5078419e-02 6.6795291e+04
1.4557584e-02 6.6941859e+04
1.4033553e-02 6.7089303e+04
1.3506304e-02 6.7237635e+04
1.2975817e-02 6.7386859e+04
1.2442072e-02 6.7536982e+04
1.1905046e-02 6.7688005e+04
1.1364720e-02 6.7839931e+04
1.0821070e-02 6.7992758e+04
1.0274077e-02 6.8146486e+04
9.7237175e-03 6.8301112e+04
9.1699709e-03 6.8456632e+04
8.6128148e-03 6.8613040e+04
8.0522275e-03 6.8770329e+04
7.4881866e-03 6.8928491e+04
6.9206701e-03 6.9087514e+04
6.3496553e-03 6.9247387e+04
5.7751200e-03 6.9408094e+04
5.1970412e-03 6.9569618e+04
4.6153964e-03 6.9731938e+04
4.0301624e-03 6.9895031e+04
3.4413164e-03 7.0058869e+04
2.8488349e-03 7.0223423e+04
2.2526948e-03 7.0388655e+04
1.6528725e-03 7.0554525e+04
1.0493444e-03 7.0720986e+04
4.4208670e-04 7.0887983e+04
-1.6892444e-04 7.1055462e+04
-7.8371307e-04 7.1223342e+04
-1.4023034e-03 7.1391536e+04
-2.0247197e-03 7.1559962e+04
-2.6509865e-03 7.1728504e+04
-3.2811283e-03 7.1897032e+04
-3.9151700e-03 7.2065392e+04
-4.5531363e-03 7.2233412e+04
-5.1950524e-03 7.2400845e+04
-5.8409434e-03 7.2567299e+04
-6.4908346e-03 7.2732418e+04
-7.1447516e-03 7.2896224e+04
-7.8027198e-03 7.3059098e+04
-8.4647648e-03 7.3221481e+04
-9.1309127e-03 7.3383723e+04
-9.8011891e-03 7.3546087e+04
-1.0475620e-02 7.3708781e+04
-1.1154232e-02 7.3871966e+04
-1.1837051e-02 7.4035773e+04
-1.2524104e-02 7.4200306e+04
-1.3215416e-02 7.4365648e+04
-1.3911015e-02 7.4531862e+04
-1.4610927e-02 7.4699002e+04
-1.5315179e-02 7.4867109e+04
-1.6023798e-02 7.5036216e+04
-1.6736810e-02 7.5206354e+04
-1.7454244e-02 7.5377549e+04
-1.8176124e-02 7.5549825e+04
-1.8902480e-02 7.5723211e+04
-1.9633337e-02 7.5897741e+04
-2.0368723e-02 7.6073454e+04
-2.1108665e-02 7.6250403e+04
-2.1853190e-02 7.6428657e+04
-2.2602325e-02 7.6608307e+04
-2.3356097e-02 7.6789475e+04
-2.4114532e-02 7.6972322e+04
-2.4877658e-02 7.7157066e+04
-2.5645501e-02 7.7344006e+04
-2.6418086e-02 7.7533615e+04
-2.7195440e-02 7.7726433e+04
-2.7977590e-02 7.7922668e+04
-2.8764558e-02 7.8122292e+04
-2.9556372e-02 7.8325604e+04
-3.0353055e-02 7.8533285e+04
-3.1154632e-02 7.8746061e+04
-3.1961125e-02 7.8964556e+04
-3.2772558e-02 7.9189322e+04
-3.3588953e-02 7.9420863e+04
-3.4410330e-02 7.9659651e+04
-3.5236711e-02 7.9906133e+04
-3.6068116e-02 8.0160734e+04
-3.6904562e-02 8.0423855e+04
-3.7746069e-02 8.0695881e+04
-3.8592652e-02 8.0977171e+04
-3.9444328e-02 8.1268064e+04
-4.0301111e-02 8.1568867e+04
-4.1163013e-02 8.1879852e+04
-4.2030046e-02 8.2201237e+04
-4.2902221e-02 8.2533156e+04
-4.3779545e-02 8.2875333e+04
-4.4662026e-02 8.3227411e+04
-4.5549668e-02 8.3591034e+04
-4.6442468e-02 8.3969766e+04
-4.7340421e-02 8.4365181e+04
-4.8243530e-02 8.4775499e+04
-4.9151794e-02 8.5198177e+04
-5.0065209e-02 8.5631668e+04
-5.0983767e-02 8.6075374e+04
-5.1907455e-02 8.6529343e+04
-5.2836258e-02 8.6994178e+04
-5.3770152e-02 8.7471173e+04
-5.4709106e-02 8.7962598e+04
-5.5653084e-02 8.8472643e+04
-5.6602038e-02 8.9007316e+04
-5.7555912e-02 8.9570562e+04
-5.8514666e-02 9.0161166e+04
-5.9478273e-02 9.0775209e+04
-6.0446693e-02 9.1409683e+04
-6.1419890e-02 9.2062843e+04
-6.2397820e-02 9.2733426e+04
-6.3380441e-02 9.3420543e+04
-6.4367707e-02 9.4123547e+04
-6.5359569e-02 9.4841921e+04
-6.6355976e-02 9.5575271e+04
-6.7356874e-02 9.6323260e+04
-6.8362209e-02 9.7085673e+04
-6.9371923e-02 9.7862303e+04
-7.0385958e-02 9.8654325e+04
-7.1404239e-02 9.9464530e+04
-7.2426692e-02 1.0029320e+05
-7.3453296e-02 1.0113666e+05
-7.4484033e-02 1.0199076e+05
-7.5518876e-02 1.0285333e+05
-7.6557789e-02 1.0372418e+05
-7.7600725e-02 1.0460496e+05
-7.8647625e-02 1.0549965e+05
-7.9698416e-02 1.0641288e+05
-8.0753042e-02 1.0734564e+05
-8.1811518e-02 1.0829879e+05
-8.2873907e-02 1.0926706e+05
-8.3940335e-02 1.1024474e+05
-8.5010989e-02 1.1123399e+05
-8.6086116e-02 1.1222927e+05
-8.7166016e-02 1.1322294e+05
-8.8251025e-02 1.1421435e+05
-8.9341495e-02 1.1520099e+05
-9.0437938e-02 1.1617642e+05
-9.1541044e-02 1.1713456e+05
-9.2651515e-02 1.1807202e+05
-9.3770052e-02 1.1899252e+05
-9.4897350e-02 1.1990393e+05
-9.6034121e-02 1.2079682e+05
-9.7182594e-02 1.2162032e+05
-9.8346438e-02 1.2230025e+05
-9.9530305e-02 1.2279552e+05
-1.0073743e-01 1.2309436e+05
-1.0196670e-01 1.2320680e+05
-1.0321467e-01 1.2314646e+05
-1.0447910e-01 1.2295305e+05
-1.0575665e-01 1.2266203e+05
-1.0704470e-01 1.2228477e+05
-1.0834199e-01 1.2185488e+05
-1.0964793e-01 1.2139622e+05
-1.1096228e-01 1.2092588e+05
-1.1228492e-01 1.2046535e+05
-1.1361588e-01 1.2003977e+05
-1.1495522e-01 1.1966328e+05
-1.1630297e-01 1.1933451e+05
-1.1765920e-01 1.1904493e+05
-1.1902396e-01 1.1878692e+05
-1.2039730e-01 1.1855533e+05
-1.2177928e-01 1.1834679e+05
-1.2316995e-01 1.1815877e+05
-1.2456937e-01 1.1798926e+05
-1.2597759e-01 1.1783670e+05
-1.2739467e-01 1.1769938e+05
-1.2882066e-01 1.1757518e+05
-1.3025563e-01 1.1746216e+05
-1.3169962e-01 1.1735897e+05
-1.3315270e-01 1.1726467e+05
-1.3461492e-01 1.1717846e+05
-1.3608635e-01 1.1709960e+05
-1.3756703e-01 1.1702740e+05
-1.3905703e-01 1.1696125e+05
-1.4055641e-01 1.1690060e+05
-1.4206522e-01 1.1684499e+05
-1.4358353e-01 1.1679405e+05
-1.4511140e-01 1.1674752e+05
-1.4664889e-01 1.1670516e+05
-1.4819605e-01 1.1666664e+05
-1.4975295e-01 1.1663158e+05
-1.5131965e-01 1.1659990e+05
-1.5289622e-01 1.1657179e+05
-1.5448271e-01 1.1654744e+05
-1.5607919e-01 1.1652688e+05
-1.5768573e-01 1.1650999e+05
-1.5930237e-01 1.1649647e+05
-1.6092920e-01 1.1648593e+05
-1.6256627e-01 1.1647798e+05
-1.6421365e-01 1.1647228e+05
-1.6587141e-01 1.1646841e+05
-1.6753960e-01 1.1646633e+05
-1.6921830e-01 1.1646578e+05
-1.7090757e-01 1.1646583e+05
-1.7260748e-01 1.1646517e+05
-1.7431810e-01 1.1644474e+05
-1.7603949e-01 1.1656630e+05
-1.7777173e-01 1.1670754e+05
