x Norm_pressure Norm_heat_flux
0.0180187915 66.148674 270085.401246374
0.0180262625 65.67599105 269562.91955492
0.0180387404 64.87576675 266944.891957299
0.0180562008 63.7841358 263088.976321605
0.01807860935 62.4200039 258447.54732062
0.0181059232 60.79287335 253071.147608755
0.0181380948 58.9161053 246914.133526698
0.01817507205 56.8187008 240104.659815314
0.0182168037 54.51459315 232649.699086557
0.0182632357 52.0318794 224550.625889452
0.0183143206 49.40231705 215931.360912247
0.0183700118 46.64279745 206744.689725843
0.0184302628 43.809166 197090.070160973
0.01849503535 40.9279747 186926.943737317
0.01856426985 38.0990639 177042.177793611
0.018638571225 35.24759675 166304.542822288
0.0187128726 32.3961296 155566.907850964
0.0187919755 29.65906525 145750.533625249
0.0188749339 26.9697552 135634.999518759
0.0189615451 24.35624505 125441.217992092
0.0190516002 21.86333565 115343.490794337
0.0191448946 19.52409935 105519.157332579
0.0192412194 17.3521423 96094.0904658211
0.0193403661 15.34580515 87107.6253809545
0.0194421224 13.5033388 78592.0343211052
0.0195462685 11.8246479 70587.1893452134
0.0196525902 10.30299995 63081.8359630333
0.0197608657 8.934342385 56108.9593865847
0.0198708791 7.7097466 49674.6286086277
0.0199824255 6.61952114 43859.2372829324
0.0200953241 5.667242525 38295.5336119689
0.0202220436 5.148373245 34215.7501349047
0.0203487631 4.629503965 30135.9666578405
0.0205137152 4.48098993 28272.8644691433
0.0207085144 4.396393775 27209.4800215683
0.0209385343 4.27538538 26031.2818376047
0.0212101042 4.150153635 24888.2783817046
0.0215306729 4.02885604 23826.7868371835
0.0219090097 3.89416933 22786.7654573523
0.0223554168 3.73939228 21731.0051649951
0.0228819996 3.565421225 20620.3968536658
0.0235029534 3.37902343 19462.5348690853
0.0242349096 3.189821005 18328.2415574824
0.0250973199 3.001433015 17247.4917229791
0.0261128936 2.81575668 16192.7526317206
0.0273080822 2.63995111 15170.2035816425
0.0287136119 2.48160708 14263.6998417976
0.0305085471 2.3476356875 13570.3999972772
0.0323034823 2.213664295 12877.1001527569
0.03457601 2.104174975 12305.9459764413
0.0372364931 2.01796043 11798.4581608281
0.0403460413 1.95606792 11402.1472226116
0.0439734645 1.914858465 11139.9954809614
0.0481955446 1.891306105 10984.7284004429
0.0530969501 1.885305105 10930.8391030686
0.0587697774 1.89600277 10979.3499943612
0.0653124675 1.921228645 11151.2201617102
0.0728279725 1.95816547 11469.6465626998
0.0814209655 2.00356752 11945.4222425856
0.0911939517 2.05453169 12567.7776423823
0.102242149 2.108052255 13280.3194669749
0.11464712 2.160346745 13984.3818948575
0.128469378 2.208195925 14593.5758497399
0.144461401 2.24368757 14952.3440350755
0.160453424 2.279179215 15311.1122204111
0.178558066 2.301968935 15441.8565734978
0.197952598 2.318491455 15476.5184944423
0.218482539 2.329945325 15440.8078713817
0.239941671 2.33722043 15355.1164577615
0.262078047 2.3411901 15235.9911339534
0.28460446 2.342937945 15097.9784827914
0.307212591 2.343490005 14953.4178293607
0.329589576 2.34350789 14810.7495771406
0.351435304 2.34326577 14674.4971416422
0.372477829 2.342882395 14547.4246260311
0.392486155 2.342359425 14429.9952819337
0.411278367 2.341883305 14324.8428837892
0.428725481 2.341159225 14227.1532480306
0.444750726 2.340767505 14150.9963066475
0.4588992895 2.340470675 14073.5748454016
0.473047853 2.340173845 13996.1533841557
0.486770242 2.33976901 13947.4654425178
0.500492632 2.33931446 13892.8155011288
0.514214993 2.338891505 13838.3128005882
0.527937412 2.33849585 13784.5742067816
0.541659772 2.338140365 13731.9322913184
0.555382192 2.337864755 13680.7064775116
0.569104552 2.337691665 13631.0470172697
0.582826912 2.33758616 13582.7755554548
0.596549332 2.337463375 13535.4453510878
0.610271692 2.337245345 13488.6485560519
0.623994112 2.33688736 13442.121050175
0.637716472 2.33647239 13396.2449871927
0.651438892 2.33594453 13350.7883649094
0.665161252 2.33561933 13306.9483307137
0.678883642 2.335621355 13266.0197409007
0.692606032 2.33562338 13225.0911510877
0.706328392 2.335335615 13184.3790063255
0.720050812 2.334991095 13144.1570621792
0.733773172 2.33465302 13104.5975512977
0.747495592 2.33434153 13065.7759509255
0.761217952 2.33405447 13027.7027495894
0.774940372 2.333786015 12990.3686130025
0.788662732 2.33353257 12953.7594895501
0.802385092 2.333293555 12917.8689054526
0.816107512 2.3330673 12882.677138265
0.829829872 2.332859755 12848.20446246
0.843552291 2.33265412 12814.3569831407
0.857274652 2.332495685 12781.3220886261
0.870997071 2.332280275 12748.6961964681
0.884719431 2.33216262 12716.9454188003
0.898441821 2.33228028 12687.0469701489
0.912164211 2.33239794 12657.1485214975
0.925886571 2.332270265 12627.2485422238
0.939608991 2.33203483 12597.4602231027
0.953331351 2.33175695 12567.9464624961
0.967053771 2.331483845 12538.8592185801
0.980776131 2.331235055 12510.2726136224
0.994498551 2.33101475 12482.2147508523
1.00822091 2.33081627 12454.6557705886
1.02194333 2.33064127 12427.6314040801
1.03566563 2.33047426 12401.022965367
1.04938805 2.330319045 12374.9788997216
1.06311047 2.33021021 12349.2819089595
1.07683289 2.329984905 12324.1509473483
1.09055519 2.329889295 12297.0938606513
1.10427761 2.328877685 12325.5378919041
1.119421065 1.7549248025 9525.08094571286
1.13456452 1.18097192 6724.62399952163
1.15059936 1.06492448 5901.73304804407
1.16612196 1.0048959535 5557.0782292426
1.18114924 0.9613872465 5307.38032831914
1.1956979 0.9271853265 5109.68641460651
1.20978367 0.8997986615 4949.99209686106
1.22342205 0.878022373 4821.63590602542
1.23662806 0.8607845305 4718.66215051985
1.24941611 0.847112417 4635.70137213016
1.26180029 0.836191237 4568.27843267855
1.27379405 0.827389866 4512.93225385461
1.28541064 0.820228606 4467.02798727425
1.29666269 0.814371556 4428.68136660817
1.30756259 0.8095582725 4396.48442508127
1.31812239 0.8055244385 4369.04450716005
1.32819474 0.8025144785 4347.57878378406
1.33826709 0.7995045185 4326.11306040808
1.34787416 0.7974254785 4310.01174168343
1.35718524 0.7957048115 4296.30718680544
1.36621046 0.794266552 4284.49771800007
1.37495971 0.7930642665 4274.27425996498
1.38344264 0.792063713 4265.4024016563
1.39166856 0.7912372945 4257.69431815129
1.3996464 0.7905611695 4250.99167786282
1.40738499 0.7900152205 4245.164342765
1.41489279 0.789580524 4240.09402335415
1.42217791 0.7892431615 4235.69205394149
1.42924857 0.788986385 4231.86159380952
1.43611228 0.788800776 4228.5246665335
1.44277668 0.7886863355 4225.71046434297
1.44924903 0.7885518965 4223.10380952008
1.455447435 0.78847010425 4220.77999111826
1.46164584 0.788388312 4218.45617271645
1.46758378 0.788545966 4217.23997033462
1.47335696 0.788730323 4216.4020424391
1.47897172 0.7889201935 4215.74158141889
1.48443401 0.7891079485 4215.20015263053
1.48974991 0.789291203 4214.75146951767
1.49492526 0.789469689 4214.37961360821
1.49996579 0.789644092 4214.07348412654
1.50487697 0.789815724 4213.82781171714
1.50966418 0.7899851505 4213.63575123628
1.51433265 0.790154219 4213.49758371625
1.51888752 0.7903228105 4213.40921913349
1.52333367 0.79049024 4213.34437093162
1.52767622 0.7906695605 4213.40892806433
1.53191972 0.790790349 4213.42951869831
1.536023975 0.79088443525 4213.17808512688
1.54012823 0.7909785215 4212.92665155545
1.54410231 0.7912267145 4213.20517965109
1.54799533 0.791485548 4213.71462094226
1.5518117 0.7917441725 4214.28876490071
1.55555546 0.7919976415 4214.88409166832
1.5592308 0.7922436 4215.48803006839
1.56284177 0.7924809755 4216.09313776353
1.5663923 0.7927093805 4216.69328222762
1.56988633 0.7929292325 4217.28626538664
1.57332754 0.793140739 4217.8687349268
1.57671976 0.793345183 4218.44258781609
1.5800668 0.7935427725 4219.00695084702
1.58337235 0.7937342225 4219.55085874168
1.58663976 0.7939251665 4220.13172238302
1.58987296 0.7940865755 4220.67679957277
1.59306163 0.794226438 4221.19099081155
1.5962503 0.7943663005 4221.70518205032
1.59940147 0.794591516 4222.7283001908
1.60253227 0.7953167855 4216.3658244022
1.60564613 0.800899297 4144.54602932198
1.60874641 0.8590673805 3680.83993872194
1.61183655 1.190514025 3860.88536561743
1.61492002 1.547716915 5315.34708197715
1.61800003 2.883452535 14176.878527802
1.62059247 4.903535125 18748.2047255997
1.62318504 6.569731475 21600.1299311542
1.62577748 8.2705698 24275.3926661643
1.62837005 9.797758105 26299.706420797
1.63096249 11.22986935 28086.2006614633
1.63355505 12.62887335 30048.1720186048
1.6361475 14.02791835 32428.444388397
1.638740005 15.3991287 35117.8961428311
1.64133251 16.77033905 37807.3478972652
1.64392495 18.0119238 40406.0751002445
1.64651752 19.13810535 42886.7683382193
1.64910996 20.12158775 45220.6675189746
1.65170252 20.90736485 47302.1731019122
1.65429497 21.50229935 49106.0141111172
1.65688753 21.9595623 50679.2718366391
1.65947998 22.31906035 52068.1114032483
1.66207254 22.5687323 53240.9312814989
1.66466498 22.7015276 54175.6126239449
1.66725755 22.75345995 54915.6637463063
1.66984999 22.78014755 55537.9940037496
1.67244256 22.80240535 56082.1599462802
1.675035 22.794219 56519.8244352859
1.67762744 22.7410374 56832.2176249484
1.680219945 22.68366245 57060.0328910876
1.68281245 22.6262875 57287.8481572267
1.68540502 22.59889505 57498.1823113537
1.68799746 22.57295895 57676.5454789365
1.69059002 22.53869915 57812.907717767
1.69318247 22.4964857 57912.0012102034
1.69577503 22.4501209 57981.675589695
1.69836748 22.4067335 58035.1623584924
1.70096004 22.3725357 58085.2418616452
1.70355248 22.34839915 58135.5013760193
1.70614505 22.333787 58187.2074037588
1.70873749 22.3286257 58242.1056572533
1.71133006 22.33302685 58302.4581453647
1.7139225 22.34131815 58343.1738030306
1.71651495 22.33573725 58537.0328905738
1.71910751 22.01469805 61008.0770854674
1.721966265 12.9127337425 39218.9841511769
1.72482502 3.810769435 17429.8912168863
1.72794998 3.265838865 10488.166066554
1.73107505 2.9959749 8987.02217618692
1.7342 2.80018306 8493.62955034056
1.73732495 2.65155065 8266.64359042762
1.74045002 2.528481485 8075.87826696792
1.74357498 2.42567396 7895.18435805375
1.74670005 2.339161635 7727.50254044486
1.749825 2.264758465 7571.89222414501
1.75294995 2.199635865 7427.13471762919
1.75607502 2.141865375 7292.08436765824
1.75919998 2.09055531 7167.46618234824
1.76232505 2.0439955 7050.65292126073
1.76545 2.003310505 6951.12651363061
