x Norm_heat_flux
0.018014092 264591.475334639
0.0180145688 263473.450581068
0.018015366 262318.802301139
0.0180164818 261264.808748409
0.0180179179 260365.218352815
0.0180196725 259623.713641097
0.0180217456 259015.317868114
0.0180241354 258501.05285836
0.0180268455 258036.759405247
0.0180298723 257579.682459972
0.0180332176 257091.889688636
0.0180368777 256547.393633529
0.0180408563 255940.325738136
0.0180451497 255261.30052752
0.0180497598 254496.314563942
0.0180546828 253644.826860233
0.0180599224 252709.472094152
0.0180654731 251693.560424649
0.0180713385 250600.811514874
0.0180775151 249435.15178745
0.0180840027 248200.47052859
0.0180908013 246900.317778382
0.0180979092 245538.09804233
0.0181053262 244117.156608423
0.0181130506 242639.905335955
0.0181210823 241106.736666452
0.0181294177 239520.213012224
0.0181380603 237883.697727619
0.0181470066 236198.27579803
0.0181562547 234465.313241144
0.0181658044 232686.173063587
0.01817072925 231774.187638292
0.0181756541 230862.202212997
0.0181858018 228994.615150361
0.0181962494 227084.684550495
0.0182069931 225133.661007108
0.0182180312 223142.892471525
0.0182293635 221114.489697013
0.0182409901 219049.389123323
0.0182529073 216947.179238881
0.0182651132 214809.784111216
0.0182776079 212639.037476046
0.0182903893 210435.069812651
0.0183034558 208198.310698966
0.0183168072 205929.264989434
0.0183304418 203628.642290598
0.0183443557 201297.584797995
0.0183585491 198937.848963464
0.0183730181 196551.846646301
0.0183877647 194142.587903113
0.0184027851 191714.259111395
0.0184180792 189269.909471539
0.0184336416 186811.314505432
0.0184494741 184340.884064995
0.018465573 181859.648936536
0.0184819363 179366.785093221
0.0184985641 176860.816111819
0.0185154527 174340.077879674
0.0185326003 171802.495776245
0.0185500029 169247.507736941
0.0185676627 166670.852107761
0.0185855739 164077.913668197
0.0186037328 161405.127931754
0.0186221395 158923.107920245
0.01864086 156222.171781112
0.0186595805 153521.235641978
0.0186786167 151066.576131675
0.0186978914 148560.662353046
0.0187174026 146037.951876408
0.0187371485 143495.088373223
0.0187571254 140927.95773144
0.0187773295 138344.422833175
0.018797759 135763.252620927
0.0188184138 133205.769416327
0.0188392866 130687.33063056
0.0188603774 128211.909859529
0.0188816823 125771.093197085
0.0189031977 123348.261597777
0.0189249236 120925.728093439
0.0189468563 118491.633121258
0.0189689901 116043.441368467
0.0189913251 113587.266291149
0.0190138556 111134.438509191
0.0190365836 108697.015311699
0.0190594997 106284.502616019
0.0190826058 103902.229998874
0.0191058982 101551.701986722
0.0191293713 99232.3752839195
0.019153025 96942.8210419869
0.0191768538 94681.6646115316
0.0192008559 92448.5322196024
0.0192250274 90243.5546465848
0.0192493685 88067.0684286509
0.0192738716 85918.8024700057
0.0192985348 83799.3550683295
0.0193233564 81684.9180709828
0.01934840715 79621.0535877277
0.0193734579 77557.1891044726
0.0193987321 75579.8433738379
0.0194241516 73620.2626982012
0.0194497108 71687.9581137135
0.0194754098 69785.0517153015
0.0195012428 67913.0810507201
0.0195272081 66072.9060787891
0.0195533 64264.9708305335
0.0195795167 62489.5323501335
0.0196058564 60746.7450046136
0.0196323115 59036.6694166544
0.019658884 57359.3242548297
0.0196855664 55714.7002852213
0.0197123569 54102.7834562144
0.0197392516 52523.5456645798
0.0197662469 50976.991627645
0.0197933391 49462.9764130414
0.0198205281 47981.4721182769
0.0198478047 46532.4925942288
0.0198751707 45115.8509544215
0.0199026205 43731.3976495271
0.0199301504 42378.9504100292
0.0199577566 41058.2988631817
0.0199854374 39769.2000164191
0.0200131871 38511.3992344091
0.0200410057 37284.6929694758
0.0200688876 36088.9576677785
0.0200968292 34923.8892122274
0.0201248303 33789.9810152361
0.0201528836 32673.826029739
0.0201809853 31511.7255763199
0.0202114256 30448.5584771138
0.0202418659 29385.3913779077
0.0202760268 28619.9335811808
0.0203116387 27989.4335142102
0.0203487631 27445.3680407247
0.0203874651 26962.5665033016
0.0204278119 26525.8952125339
0.0204698704 26125.5577841234
0.0205137152 25754.8148629198
0.0205594227 25409.3195819137
0.0206070691 25085.7631873167
0.0206567384 24781.3971832923
0.0207085144 24492.4851451214
0.0207624882 24213.6800319338
0.0208187513 23941.7034012812
0.0208774004 23672.5824602115
0.0209385343 23403.2768407772
0.021002261 23133.7352545844
0.0210686885 22864.2193627729
0.0211379286 22596.0541322406
0.0212101042 22330.2469633933
0.0212853327 22066.6200029363
0.0213637482 21804.2363092748
0.0214454811 21541.8595410519
0.0215306729 21277.9264561317
0.0216194671 21010.7171368741
0.0217120145 20738.6726569962
0.0218084734 20461.2838462023
0.0219090097 20181.5860540061
0.022013789 19902.7530383265
0.0221229922 19623.6862639993
0.0222368054 19350.5551928299
0.0223579174 19079.7937257434
0.0224790294 18809.0322586568
0.0226078518 18526.1235721317
0.0227421001 18240.2600317712
0.0228819996 17950.4166726514
0.0230277851 17657.1871754934
0.0231797025 17361.5798440212
0.0233380031 17064.5400507984
0.0235029534 16767.1274883111
0.0236748271 16469.5911712458
0.0238539111 16172.3749298898
0.0240405016 15876.6613079891
0.0242349096 15582.0834580315
0.0244374536 15288.620202226
0.0246484708 14997.4448504007
0.0248683058 14709.0609522054
0.0250973199 14422.696070306
0.0253358893 14136.22248913
0.0255844016 13847.6317310925
0.0258432645 13557.5932552656
0.0261128936 13270.2083265072
0.0263937302 12990.5620234421
0.0266862232 12720.583432032
0.0269908458 12457.0347591427
0.0273080822 12194.189469938
0.0276384428 11928.8133845562
0.027982451 11662.529364127
0.0283406526 11399.9037819552
0.0287136119 11145.8966572945
0.0291019138 10901.278018631
0.0295061674 10662.4022748978
0.0299269985 10431.635517274
0.03037401475 10209.6840903203
0.030821031 9987.73266336658
0.031295605 9767.61161981821
0.0317895077 9549.85140813033
0.0323034823 9331.45498951289
0.0328383073 9113.92320689578
0.0333947837 8902.24768562907
0.0339737311 8702.13508755083
0.03457601 8515.17918694851
0.0352025032 8337.43998131663
0.0358541161 8163.84291066776
0.0365317874 7992.10600281053
0.0372364931 7823.06762726263
0.0379692279 7658.52074998681
0.0387310162 7498.57988160604
0.0395229235 7342.1227397275
0.0403460413 7187.28505648069
0.0412014835 7032.83997534876
0.0420904085 6879.74327712715
0.0430139974 6729.71842247013
0.0439734645 6584.46841689573
0.0449700616 6445.15937379779
0.0460050628 6311.93267249398
0.0470797792 6183.48958245825
0.0481955446 6057.56565587013
0.0493537337 5932.40122909373
0.0505557396 5808.04126729612
0.0518029928 5686.14614941841
0.0530969501 5568.28625380953
0.0544390865 5454.52350794287
0.0558309145 5343.14205910983
0.0572739579 5233.8106404937
0.05879694785 5122.71750068382
0.0603199378 5011.62436087393
0.0619260333 4897.41030725352
0.0635896698 4785.24190777574
0.0653124675 4675.66161498943
0.0670960546 4568.7284356395
0.0689420775 4463.83623325187
0.0708521679 4360.20040580884
0.0728279725 4257.09096188955
0.0748711303 4154.18306830948
0.076983273 4051.60234650411
0.0791660175 3949.73700244029
0.0814209655 3848.97350570676
0.0837496966 3749.50932163761
0.086153768 3651.3295454844
0.0886346921 3554.31879341665
0.0911939517 3458.39266541431
0.0938329771 3363.5663271844
0.0965531468 3269.9507864831
0.099355787 3177.7128560507
0.102242149 3087.03070032481
0.105213411 2998.0518411861
0.108270667 2910.87122740251
0.111414939 2825.5335431088
0.11464712 2742.05923340439
0.11796803 2660.4780977493
0.121378347 2580.85177254776
0.124878652 2503.29885342789
0.128469378 2427.89952492532
0.132150814 2354.66181653417
0.135923132 2283.59070654079
0.139786303 2215.06446441307
0.14378538 2149.78182676599
0.147784457 2084.49918911891
0.151918575 2022.0520669508
0.156141862 1961.91307305116
0.160453424 1903.96666299963
0.164852217 1848.18523541018
0.16933693 1794.49999759196
0.173906118 1742.85545570374
0.178558066 1693.22107759415
0.183290899 1645.55639461283
0.188102499 1599.81030906658
0.192990586 1555.93270687526
0.197952598 1513.87364458544
0.202985853 1473.58215498321
0.20808737 1435.00578539826
0.213254049 1398.09168168554
0.218482539 1362.78681907329
0.223769337 1329.03642637474
0.229110733 1296.78617402533
0.234502852 1265.98098973228
0.239941671 1236.56597182956
0.245422989 1208.48713200609
0.250942498 1181.69089346238
0.256495684 1156.12443216399
0.262078047 1131.73752362523
0.267684907 1108.47663119405
0.273311466 1086.29311620985
0.278952956 1065.14322796655
0.28460446 1044.97915082668
0.29026112 1025.75363121736
0.295917958 1007.41955608185
0.301570088 989.947211273476
0.3072053345 973.689903566607
0.312840581 957.432595859739
0.318449229 942.301376525908
0.324033797 927.883420165611
0.329589576 914.149077871818
0.335112035 901.069502683224
0.340596676 888.613292252021
0.346039146 876.749775918054
0.351435304 865.451349284232
0.356781036 854.690481222601
0.362072468 844.440149474393
0.367305905 834.675088232681
0.372477829 825.371635581986
0.377584845 816.50744544018
0.382623851 808.061631085688
0.387591869 800.014330561123
0.392486155 792.346847189433
0.397304147 785.041289250351
0.402043581 778.080934318688
0.40670228 771.449424307555
0.411278367 765.131421879499
0.415770113 759.112176853826
0.420176059 753.377666722747
0.424494863 747.914673935257
0.428725481 742.710200747752
0.432866991 737.754385937771
0.436918706 733.035547595058
0.44088006 728.556896513574
0.444750726 724.309087365852
0.448530555 720.315998863712
0.452219486 716.199347487655
0.455817699 712.797127376526
0.4592868835 709.166001443403
0.462756068 705.53487551028
0.466186643 702.422648608704
0.469617248 699.170427477187
0.473047853 695.989043546462
0.476478428 692.897556828193
0.479909033 689.890855545685
0.483339638 686.959518091279
0.486770242 684.096316916582
0.490200818 681.297306528922
0.493631423 678.560880025789
0.497062027 675.886089926876
0.500492632 673.272132279086
0.503923237 670.718203129319
0.507353783 668.222988651601
0.510784388 665.785539358252
0.514214993 663.404612685058
0.517645597 661.079114613445
0.521076202 658.8080223866
0.524506807 656.590459785977
0.527937412 654.425549589344
0.531368017 652.312416581842
0.534798563 650.250330079506
0.538229167 648.238559398372
0.541659772 646.27652139643
0.545090377 644.363484386027
0.548520982 642.498865225153
0.551951587 640.682005495292
0.555382192 638.912249788985
0.558812737 637.188865414895
0.562243342 635.509956408722
0.565673947 633.879098906409
0.569104552 632.320137494427
0.572535157 630.761176082444
0.575965762 629.262936716039
0.579396367 627.807419276774
0.582826912 626.394842568364
0.586257517 625.024694710559
0.589688122 623.69587967741
0.593118727 622.407304454033
0.596549332 621.157871007106
0.599979937 619.946485318055
0.603410542 618.771979095487
0.606841087 617.633256313454
0.610271692 616.529221949696
0.613702297 615.458852243713
0.617132902 614.421200718886
0.620563507 613.415096072761
0.623994112 612.439297748497
0.627424717 611.492200850956
0.630855262 610.57208606471
0.634285867 609.677202960043
0.637716472 608.8060540363
0.641147077 607.957580403946
0.644577682 607.131307319141
0.648008287 606.327600123866
0.651438892 605.547224631124
0.654869437 604.791240734138
0.658300042 604.060378113186
0.661730647 603.354710037401
0.665161252 602.673287019105
0.668591857 602.014211086625
0.672022462 601.374159033083
0.675453067 600.753860538758
0.678883642 600.161696388134
0.682314217 599.56953223751
0.685744822 598.998089200144
0.689175427 598.445122028742
0.692606032 597.914356408576
0.696036637 597.408967000881
0.699467242 596.931182993964
0.702897787 596.482353342835
0.706328392 596.062772127716
0.709758997 595.672110139348
0.713189602 595.309563424634
0.716620207 594.974475572429
0.720050812 594.666626775331
0.723481417 594.38649177718
0.726911962 594.135129467513
0.730342567 593.914110616116
0.733773172 593.725187660082
0.737203777 593.569894232786
0.740634382 593.449434758346
0.744064987 593.364649322584
0.747495592 593.316085938473
0.750926197 593.30414608072
0.754356742 593.329450027746
0.757787347 593.392801732647
0.761217952 593.495296217686
0.764648557 593.638321581657
0.768079162 593.823556992518
0.771509767 594.052608349092
0.774940372 594.326974155719
0.778370917 594.647967234688
0.781801522 595.015736131639
0.785232127 595.433308969542
0.788662732 595.928565155659
0.792093337 596.423821341777
0.795523942 596.992234248801
0.798954546 597.612057999287
0.802385092 598.285118299459
0.805815697 599.013132457373
0.809246302 599.797232631699
0.812676907 600.638695512002
0.816107512 601.538763662496
0.819538116 602.498641507299
0.822968721 603.51924139768
0.826399267 604.601221752156
0.829829872 605.745056310882
0.833260477 606.951111419525
0.836691082 608.219750412695
0.840121686 609.551522307052
0.843552291 610.947084517427
0.846982896 612.407275122269
0.850413442 613.93308275304
0.853844047 615.525380617225
0.857274652 617.185010808021
0.860705256 618.912704009393
0.864135861 620.709042359663
0.867566466 622.574391200814
0.870997071 624.508899078488
0.874427617 626.512270908775
0.877858222 628.584070087933
0.881288826 630.723712470264
0.884719431 632.930320833537
0.888150036 635.20316650116
0.891580641 637.540932636099
0.895011246 639.944716267985
0.898441821 642.449315216953
0.901872396 644.953914165921
0.905303001 647.554946335556
0.908733606 650.220534634209
0.912164211 652.95082560015
0.915594816 655.745746967931
0.919025421 658.604640319033
0.922455966 661.526337362064
0.925886571 664.509596536496
0.929317176 667.553105020039
0.932747781 670.65525390281
0.936178386 673.814364016852
0.939608991 677.028610659627
0.943039596 680.296313659489
0.946470201 683.615793848483
0.949900746 686.985516589545
0.953331351 690.404313591281
0.956761956 693.871090835116
0.960192561 697.384897829686
0.963623166 700.94478508731
0.967053771 704.549803120309
0.970484376 708.198784640976
0.973914921 711.890340546829
0.977345526 715.62286594273
0.980776131 719.394460849634
0.984206736 723.203008492154
0.987637341 727.045951476415
0.991067946 730.920661146778
0.994498551 734.824436582161
0.997929096 738.753990708408
1.0013597 742.705965189605
1.00479031 746.67780162819
1.008220915 750.676184578014
1.01165152 754.674567527838
1.01508212 758.69153674917
1.01851273 762.717268155959
1.02194333 766.749644972817
1.02537394 770.787281108322
1.02880454 774.82856765259
1.03223503 778.871533364816
1.03566563 782.914500080728
1.03909624 786.955494552148
1.04252684 790.992692076537
1.04595745 795.02375506742
1.04938805 799.046492476589
1.05281866 803.058348917543
1.05624926 807.056622465509
1.05967987 811.038610192032
1.06311047 815.001392372312
1.06654108 818.942192808758
1.06997168 822.857944234617
1.07340229 826.745872459671
1.07683289 830.60313002457
1.0802635 834.427085262615
1.08369398 838.215038256411
1.08712459 841.964797957748
1.09055519 845.673662441858
1.0939858 849.344113826109
1.0974164 852.976882794466
1.10084701 856.59453523646
1.10427761 860.199991880575
1.10770822 864.069517508799
1.11113882 866.537419662275
