x Norm_heat_flux
0.018014092 267737.359868182
0.0180143304 268379.471988808
0.0180145688 269021.584109435
0.018015366 269404.684321717
0.0180164818 269155.47793122
0.0180179179 268537.342381873
0.0180196725 267747.530226169
0.0180217456 266909.278139827
0.0180241354 266091.235286492
0.0180268455 265324.660486764
0.0180298723 264613.965947662
0.0180332176 263945.595875741
0.0180368777 263303.549496598
0.0180408563 262676.439983887
0.0180451497 262039.553558401
0.0180497598 261366.155015789
0.0180546828 260645.608287405
0.0180599224 259872.770482265
0.0180654731 259044.800163141
0.0180713385 258160.353393453
0.0180775151 257218.941377747
0.0180840027 256220.378433972
0.0180908013 255164.665565814
0.0180979092 254052.212277474
0.0181053262 252883.972071378
0.0181130506 251660.376532834
0.0181210805 250380.676911517
0.0181294177 249047.097377297
0.0181380603 247662.57371396
0.0181470066 246227.948014703
0.0181562547 244744.489943282
0.0181658026 243213.527377288
0.0181756541 241636.331987851
0.0181858018 240014.137306005
0.0181910256 239181.073276549
0.0181962494 238348.009247094
0.0182069931 236638.938449955
0.0182180312 234887.953693521
0.0182293635 233096.512330976
0.0182409901 231264.670568778
0.0182529055 229391.4749045
0.0182651132 227478.627590896
0.0182776079 225527.717464113
0.0182903893 223538.892066107
0.0183034558 221512.82687807
0.0183168072 219450.268642955
0.0183304418 217352.115660416
0.0183443557 215219.301359145
0.0183585491 213052.909720847
0.0183730181 210854.045804651
0.0183877647 208623.942137903
0.0184027851 206364.505725456
0.0184180792 204076.559590458
0.0184336416 201760.308485008
0.0184494741 199417.771826878
0.018465573 197050.708075278
0.0184819363 194660.12493172
0.0184985641 192247.219794516
0.0185154527 189813.339611303
0.0185326003 187359.062505657
0.0185500029 184886.333622529
0.0185676627 182396.198803527
0.0185855739 179885.331830713
0.0186037328 177294.58042461
0.0186221395 174915.812681647
0.0186595805 169560.483366033
0.0186690986 168311.761031179
0.0186786167 167063.038696324
0.0186978914 164495.693265574
0.0187174026 161924.83392746
0.0187371485 159374.782019665
0.0187571254 156854.230473259
0.0187773295 154358.646638812
0.018797759 151871.681462613
0.0188184138 149370.825261591
0.0188392866 146836.710895933
0.0188603774 144262.363746312
0.0188816823 141656.245895841
0.0189031977 139036.843247352
0.0189249236 136423.359339714
0.0189468563 133829.494497267
0.0189689901 131261.888107957
0.0189913251 128721.29594792
0.0190138556 126204.801303417
0.0190365836 123708.132483577
0.0190594997 121227.551758888
0.0190826058 118760.739609238
0.0191058982 116306.958324854
0.0191293713 113867.095164836
0.019153025 111442.627556103
0.0191768538 109035.20054126
0.0192008559 106646.888740851
0.0192250293 104279.712576334
0.0192493685 101935.502772366
0.0192738716 99615.4290255044
0.0192985348 97321.733772718
0.0193233564 95029.0012562762
0.0193734579 90546.0323143302
0.0193987321 88397.0653808484
0.0194241516 86265.6063578156
0.0194497108 84161.0028811774
0.0194754098 82083.6756964256
0.0195012428 80033.3067352245
0.0195272081 78008.9755164421
0.0195533 76009.8498833819
0.0195795167 74035.7711531663
0.0196058564 72087.4682031239
0.0196323115 70166.5256539187
0.019658884 68275.1027368878
0.0196855664 66415.573673073
0.0197123569 64590.0556393358
0.0197392516 62800.0724329224
0.0197662469 61046.3857517185
0.0197933391 59328.7713721009
0.0198205281 57646.4860640203
0.0198478047 55998.5016507549
0.0198751707 54383.5280937062
0.0199026205 52800.5512677669
0.0199301504 51248.944872396
0.0199577566 49728.5220211178
0.0199854374 48239.432062523
0.0200131871 46782.1145110457
0.0200410057 45357.0273489568
0.0200688876 43965.0586383056
0.0200968292 42605.8110195021
0.0201248303 41282.1542337438
0.0201528836 39975.5942483355
0.0201809853 38600.8179893831
0.0202114256 37340.222190655
0.0202418659 36079.626391927
0.0202760268 35212.9695686687
0.0203116387 34508.6051816229
0.0203487631 33906.7600706787
0.0203874651 33375.6245919396
0.0204278119 32895.926453993
0.0204698704 32455.1188696993
0.0205137152 32044.4617347114
0.0205594227 31658.1574531704
0.0206070691 31291.7259688332
0.0206567384 30941.2649475587
0.0207085144 30601.9133336082
0.0207624882 30268.4741372824
0.0208187513 29941.1506051514
0.0208774004 29620.5222659531
0.0209385343 29306.1333455276
0.021002261 28996.2663350831
0.0210686885 28684.9388600273
0.0211379286 28368.7668900643
0.0212101042 28050.3562971412
0.0212853327 27735.263993031
0.0213637482 27426.6238892877
0.0214454811 27122.6318589518
0.0215306729 26818.6958343373
0.0216194671 26511.5840444306
0.0217120145 26200.296215002
0.0218084734 25886.2298795027
0.0219090097 25570.7566762653
0.022013789 25258.2630175576
0.0221229922 24930.4581172542
0.0222368054 24606.3710734647
0.0223579174 24310.042894158
0.0224790294 24013.7147148514
0.0226078518 23699.8095714465
0.0227421001 23377.9168880306
0.0228819996 23049.7006768911
0.0230277851 22717.3364290904
0.0231797025 22383.7967637195
0.0233380031 22052.7201456692
0.0235029534 21726.8337926166
0.0236748271 21404.7985856802
0.0238539111 21084.0043370596
0.0240405016 20762.9856640785
0.0242349096 20439.4222436741
0.0244374536 20114.1761424087
0.0246484708 19793.1785468497
0.0248683058 19483.2916634072
0.0250973199 19186.2437403216
0.0253358893 18895.836008134
0.0255844016 18600.3491190735
0.0258432645 18290.9097795595
0.0261128936 17973.7235841207
0.0263937302 17675.6941557479
0.0266862232 17414.2276310519
0.0269908458 17178.0568231496
0.0273080822 16946.7490783596
0.0276384428 16703.0535304136
0.027982451 16436.0193544964
0.0283406526 16155.0222897834
0.0287136119 15888.8247871533
0.0291019138 15661.3554416576
0.0295061674 15460.5055754295
0.0299269985 15291.0096793068
0.03037401475 15133.3414789411
0.030821031 14975.6732785754
0.031295605 14778.3637166724
0.0317895077 14577.7942805264
0.0323034823 14392.6576324431
0.0328383073 14230.0942008043
0.0333947837 14086.2808423543
0.0339737311 13952.0731677172
0.03457601 13818.3294974715
0.0352025032 13680.7356847964
0.0358541161 13542.7656903219
0.0365317874 13412.6990265387
0.0372364931 13296.5754789221
0.0379692279 13194.1296726917
0.0387310162 13099.8314945111
0.0395229235 13009.0433093154
0.0403460413 12920.1736713704
0.0412014835 12834.9753188734
0.0420904085 12757.1837732252
0.0430139974 12687.6449416312
0.0439734645 12624.4098651316
0.0449700616 12564.969828658
0.0460050628 12507.8667764474
0.0470797792 12452.9860874712
0.0481955446 12400.8617230882
0.0493537337 12351.9354058437
0.0505557396 12306.2352389669
0.0518029928 12263.4631274888
0.0530969501 12222.921509108
0.0544390865 12185.1036958692
0.0558309145 12145.5015283001
0.0572739579 12117.2462403434
0.05879694785 12090.7049984591
0.0603199378 12064.1637565748
0.0619260333 12022.028484349
0.0635896698 11978.7363627581
0.0653124675 11934.2793623081
0.0670960546 11887.8406827099
0.0689420775 11838.5229276271
0.0708521679 11786.0433584981
0.0728279725 11730.067847999
0.0748711303 11670.2586555333
0.076983273 11606.2968094474
0.0791660175 11537.900675235
0.0814209655 11464.8436204246
0.0837496966 11386.9609400182
0.086153768 11304.1766549277
0.0886346921 11216.5140506859
0.0911939517 11124.0981866639
0.0938329771 11027.1277928409
0.0965531468 10925.8574041806
0.099355787 10820.5887289244
0.102242149 10711.6779755051
0.105213411 10599.530533007
0.108270667 10484.5765815774
0.111414939 10367.2460002576
0.11464712 10247.9465869802
0.11796803 10127.0814223498
0.121378347 10004.9964470837
0.124878652 9882.11340032346
0.128469378 9758.75305032229
0.132150814 9635.32317493892
0.135923132 9511.19399083912
0.139786303 9390.0478340621
0.14378538 9269.84754165528
0.147784457 9149.64724924845
0.151918575 9027.3647885745
0.156141862 8906.53704138673
0.160453424 8787.13480040026
0.164852217 8669.07626514378
0.16933693 8552.1826790045
0.173906118 8436.22091565757
0.178558066 8320.99411198096
0.183290899 8206.44383333125
0.188102499 8092.76405221256
0.192990586 7980.4542734171
0.197952598 7870.15187818792
0.202985853 7762.23486499749
0.20808737 7656.64656569106
0.213254049 7553.29175046841
0.218482539 7452.51159253459
0.223769337 7354.84243198605
0.229110733 7260.34442980748
0.234502852 7168.53501340241
0.239941671 7079.04496655756
0.245422989 6991.98820772074
0.250942498 6907.60543101498
0.256495684 6825.87094205911
0.262078047 6746.60362557644
0.267684907 6669.69714095425
0.273311466 6595.14800539947
0.278952956 6522.9164729162
0.28460446 6452.87811645624
0.29026112 6385.09310704112
0.295917958 6319.29387181624
0.301570088 6255.95830619775
0.3072053345 6195.83508021719
0.312840581 6135.71185423662
0.318449229 6077.93808834549
0.324033797 6022.02213661896
0.329589576 5967.93831471274
0.335112035 5915.56334981837
0.340596676 5864.85633166333
0.346039146 5815.87627702939
0.351435304 5768.64422319113
0.356781036 5723.0555759508
0.362072468 5678.94560019971
0.367305905 5636.21731972265
0.372477829 5594.89115954529
0.377584845 5555.0419244422
0.382623851 5516.69238806606
0.387591869 5479.75608280211
0.392486155 5444.08052855705
0.397304147 5409.53252606032
0.402043581 5376.06358720434
0.40670228 5343.7140100127
0.411278367 5312.5585892231
0.415770113 5282.63879717267
0.420176059 5253.92367012471
0.424494863 5226.31331113554
0.428725481 5199.68152666823
0.432866991 5173.92022969507
0.436918706 5148.95874059412
0.44088006 5124.79937788178
0.444750726 5101.39425566251
0.448530555 5079.07227205226
0.452219486 5057.43793431823
0.455817699 5039.4462067013
0.4592868835 5018.37563480458
0.462756068 4997.30506290786
0.466186643 4979.7141274898
0.469617248 4961.35025289425
0.473047853 4942.96476892265
0.476478428 4924.68269479841
0.479909033 4906.50927980333
0.483339638 4888.44366076677
0.486770242 4870.49634628918
0.490200818 4852.69070219842
0.493631423 4835.05740116202
0.497062027 4817.63032764518
0.500492632 4800.43987328311
0.503923237 4783.51056818035
0.507353783 4766.85524949062
0.510784388 4750.47394732453
0.514214993 4734.35465758836
0.517645597 4718.47490773546
0.521076202 4702.80488826891
0.524506807 4687.31218010622
0.527937412 4671.96465523404
0.531368017 4656.73484274562
0.534798563 4641.59968795599
0.538229167 4626.54281069713
0.541659772 4611.55282916115
0.545090377 4596.62652151352
0.548520982 4581.76565424294
0.551951587 4566.98452988582
0.555382192 4552.29103742013
0.558812737 4537.72636815069
0.562243342 4523.23560033773
0.565673947 4508.88796829429
0.569104552 4494.94418467593
0.572535157 4481.00040105757
0.575965762 4467.32754762605
0.579396367 4453.88809151478
0.582826912 4440.74278588366
0.586257517 4427.90128619934
0.589688122 4415.30193598387
0.593118727 4402.8287893422
0.596549332 4390.35475945618
0.599979937 4377.79309767873
0.603410542 4365.13825362204
0.606841087 4352.47026126874
0.610271692 4339.91911812858
0.613702297 4327.60399193115
0.617132902 4315.57485624045
0.620563507 4303.78933540128
0.623994112 4292.12533091872
0.627424717 4280.43269125275
0.630855262 4268.5957615775
0.634285867 4256.58326701336
0.637716472 4244.46093900655
0.641147077 4232.3663629388
0.644577682 4220.45727822202
0.648008287 4208.85053406939
0.651438892 4197.583507776
0.654869437 4186.6050916118
0.658300042 4175.79697098098
0.661730647 4165.02390912884
0.665161252 4154.17138539554
0.668591857 4143.21662612839
0.672022462 4132.15057807277
0.675453067 4121.10350973387
0.678883642 4110.45941159413
0.682314217 4099.81531345439
0.685744822 4089.6115728458
0.689175427 4079.6865159043
0.692606032 4069.97672970009
0.696036637 4060.37620483709
0.699467242 4050.76574347512
0.702897787 4041.05070798914
0.706328392 4031.18727741499
0.709758997 4021.19181184694
0.713189602 4011.13149807703
0.716620207 4001.10535984146
0.720050812 3991.21475946659
0.723481417 3981.5382856261
0.726911962 3972.11155916328
0.730342567 3962.92203399356
0.733773172 3953.91361406367
0.737203777 3945.00246141814
0.740634382 3936.09774240477
0.744064987 3927.12408014754
0.747495592 3918.03767375603
0.750926197 3908.83500028969
0.754356742 3899.55082745806
0.757787347 3890.24941128781
0.761217952 3881.008477282
0.764648557 3871.90365323836
0.768079162 3862.99280169886
0.771509767 3854.30745850166
0.774940372 3845.84207325894
0.778370917 3837.57765621712
0.781801522 3829.42745872912
0.785232127 3821.33860657619
0.788662732 3813.32511624398
0.792093337 3805.31162591177
0.795523942 3797.20145545195
0.798954546 3788.98523544857
0.802385092 3780.68723504761
0.805815697 3772.35241941611
0.809246302 3764.03309067139
0.812676907 3755.78240406452
0.816107512 3747.64652918665
0.819538116 3739.65815611573
0.822968721 3731.83337395059
0.826399267 3724.17041620252
0.829829872 3716.64972101649
0.833260477 3709.23944141143
0.836691082 3701.89809501338
0.840121686 3694.58362734689
0.843552291 3687.25747676645
0.846982896 3679.89014491806
0.850413442 3672.46613487807
0.853844047 3664.98399130067
0.857274652 3657.45687251933
0.860705256 3649.90900753257
0.864135861 3642.37137011395
0.867566466 3634.87812576093
0.870997071 3627.46084042226
0.874427617 3620.14461630392
0.877858222 3612.94699785058
0.881288826 3605.87673721081
0.884719431 3598.92886613512
0.888150036 3592.10310359124
0.891580641 3585.3570839608
0.895011246 3578.67386501124
0.898441821 3572.1219584011
0.901872396 3565.57005179096
0.905303001 3559.04136045569
0.908733606 3552.47908576128
0.912164211 3545.87415437936
0.915594816 3539.22774062346
0.919025421 3532.54687030092
0.922455966 3525.84378839028
0.925886571 3519.13545719787
0.929317176 3512.44201068017
0.932747781 3505.78305083971
0.936178386 3499.17753731947
0.939608991 3492.64066593706
0.943039596 3486.1826742975
0.946470201 3479.80967485317
0.949900746 3473.52315306049
0.953331351 3467.32016811724
0.956761956 3461.19459753414
0.960192561 3455.13708695057
0.963623166 3449.13682666005
0.967053771 3443.18126054116
0.970484376 3437.25665815897
0.973914921 3431.35017232288
0.977345526 3425.45010004521
0.980776131 3419.5465349376
0.984206736 3413.63303333103
0.987637341 3407.706674497
0.991067946 3401.76922492421
0.994498551 3395.82271205994
0.997929096 3389.88234175868
1.0013597 3383.93816748457
1.00479031 3378.0021732576
1.008220915 3372.17104924223
1.01165152 3366.33992522687
1.01508212 3360.59029555837
1.01851273 3354.88302147133
1.02194333 3349.22190693861
1.02537394 3343.61249231114
1.02880454 3338.05624297159
1.03223503 3332.55286785081
1.03566563 3327.10002835863
1.03909624 3321.69362945306
1.04252684 3316.32959616582
1.04595745 3311.00323124286
1.04938805 3305.70813116262
1.05281866 3300.43931763876
1.05624926 3295.19008604367
1.05967987 3289.95486591581
1.06311047 3284.72869904258
1.06654108 3279.50750041882
1.06997168 3274.28834931607
1.07340229 3269.07036248997
1.07683289 3263.85384104654
1.0802635 3258.64053140076
1.08369398 3253.43335428111
1.08712459 3248.23698686792
1.09055519 3243.05552420318
1.0939858 3237.89391446265
1.0974164 3232.75742700184
1.10084701 3227.6513211394
1.10427761 3222.57822653465
1.10770822 3217.49929047293
1.11113882 3212.45598529135
