x Norm_heat_flux
0.0180150419 266569.849342364
0.0180169381 266788.404142753
0.0180201065 266337.907869751
0.0180245433 265290.775519744
0.0180302449 263765.225836472
0.0180372111 261929.991111166
0.0180454366 259962.749997035
0.0180549184 257930.87045157
0.01806565 255824.575060152
0.0180776287 253624.056566324
0.0180908442 251289.67084841
0.0181052946 248787.095331959
0.0181209706 246082.808384562
0.0181378648 243163.985398582
0.0181559706 240040.357619046
0.0181752779 236720.346981597
0.01819578 233210.197421598
0.0182174668 229524.070959299
0.0182403289 225672.707043083
0.0182643589 221655.536582554
0.0182895437 217484.748349782
0.0183158759 213176.083164299
0.0183433443 208733.149280024
0.0183719378 204165.220762662
0.018401647 199490.580268476
0.0184324589 194715.013549822
0.0184643641 189851.149997259
0.0184973478 184910.188245866
0.01853139975 179889.77214096
0.0185665023 174695.014139495
0.018602632 169854.379411572
0.0186399799 164398.390350326
0.0186773278 158942.401289079
0.0187158808 153929.406945956
0.018755395 148865.36509398
0.018795846 143862.447765974
0.0188372135 138904.547796739
0.0188794713 133938.025154508
0.0189225972 128927.021624083
0.0189665668 123876.323787643
0.0190113559 118823.083110785
0.0190569405 113816.393927917
0.0191032961 108898.544071654
0.0191503987 104095.448734261
0.0191982221 99414.9985999752
0.0192467421 94854.6225244119
0.0192959309 90410.2263187047
0.0193457678 86079.5338220086
0.0193962213 81860.5586880321
0.0194472689 77759.3535494408
0.0194988828 73781.1645765854
0.0195510369 69924.6575184652
0.0196037032 66194.1602724095
0.0196568556 62592.37431153
0.0197104663 59120.4492586468
0.0197645091 55778.6656442109
0.019818956 52567.1239874516
0.0198737793 49486.3009392135
0.0199289545 46536.6802765172
0.0199844539 43718.7457261989
0.0200402513 41038.297443519
0.0200963281 38498.2588669169
0.0201526638 35980.4149161114
0.0202143453 33790.6645259229
0.0202760268 31600.9141357344
0.0203487631 30380.0163064771
0.0204278119 29417.1052700869
0.0205137152 28612.7370968935
0.0206070691 27915.8647297028
0.0207085144 27271.9801484344
0.0208187513 26645.2612204282
0.0209385343 26048.2990957786
0.0210686885 25485.1470631164
0.0212101042 24925.9431828962
0.0213637482 24347.3186161752
0.0215306729 23755.3761297733
0.0217120145 23164.8953625912
0.0219090097 22588.8425424675
0.0221229922 22018.5852104605
0.0223554168 21432.8938859666
0.0226078518 20829.7787097903
0.0228819996 20212.4131889287
0.0231797025 19585.5727144553
0.0235029534 18957.9230677121
0.0238539111 18343.4050563863
0.0242349096 17747.2403608713
0.0246484708 17153.5755479812
0.0250973199 16555.3684502687
0.0255844016 15967.2309905762
0.0261128936 15400.7331178995
0.0266862232 14853.8137614672
0.0273080822 14324.8463465085
0.027982451 13821.1144271376
0.0287136119 13347.1685685925
0.0295061674 12911.0528184491
0.0304008862 12501.0976870767
0.031295605 12091.1425557042
0.0323034823 11706.7223447735
0.0333947837 11363.6288360111
0.03457601 11052.3977148847
0.0358541161 10757.2315037455
0.0372364931 10473.0160170528
0.0387310162 10205.9748655126
0.0403460413 9968.78693649822
0.0420904085 9764.92127257445
0.0439734645 9584.46338562143
0.0460050628 9419.18243191963
0.0481955446 9265.84474348737
0.0505557396 9124.46288146452
0.0530969501 8995.27578352228
0.0558309145 8877.46174636169
0.0587697774 8769.25963594574
0.0619260333 8668.40032225522
0.0653124675 8574.73980133156
0.0689420775 8486.44886910137
0.0728279725 8399.82940153263
0.076983273 8313.68519470228
0.0814209655 8226.98013774468
0.086153768 8138.12776823048
0.0911939517 8045.3856457887
0.0965531468 7947.35192613349
0.102242149 7843.11989871535
0.108270667 7732.17515399362
0.11464712 7614.27815710349
0.121378347 7489.61324013772
0.128469378 7358.73189384448
0.135923132 7224.56984680778
0.1439208535 7084.84031164898
0.151918575 6945.11077649018
0.160453424 6800.81451422708
0.16933693 6656.38475660584
0.178558066 6511.00301212513
0.188102499 6364.19780394568
0.197952598 6216.4087719626
0.20808737 6068.92703875627
0.218482539 5923.30225152549
0.229110733 5781.05690272366
0.239941671 5643.8268160952
0.250942498 5513.30097565402
0.262078047 5390.67469706038
0.273311466 5276.16677901057
0.28460446 5169.14888347927
0.295917958 5068.59687358393
0.307212591 4973.58767868079
0.318449229 4883.58642907451
0.329589576 4798.35230016276
0.340596676 4717.7501806517
0.351435304 4641.63225257307
0.362072468 4569.82151074748
0.372477829 4502.13917848839
0.382623851 4438.43043711235
0.392486155 4378.56149517362
0.402043581 4322.41931245033
0.411278367 4269.87199446473
0.420176059 4220.81511764581
0.428725481 4174.99482953706
0.436918706 4132.5292991997
0.444750726 4092.91769195658
0.452219486 4060.81758111031
0.4592030645 4024.897385744
0.466186643 3988.97719037769
0.473047853 3959.17410200582
0.479909033 3928.72923624287
0.486770242 3898.77482703592
0.493631423 3869.49753503106
0.500492632 3840.90291061607
0.507353783 3812.96962042879
0.514214993 3785.67254720792
0.521076202 3758.98745693653
0.527937412 3732.8906676254
0.534798563 3707.36247690335
0.541659772 3682.38594253779
0.548520982 3657.9438211901
0.555382192 3634.01274703239
0.562243342 3610.56351277982
0.569104552 3587.56807040574
0.575965762 3565.01153523544
0.582826912 3542.89681294209
0.589688122 3521.23661020014
0.596549332 3500.03663296885
0.603410542 3479.27978846261
0.610271692 3458.92226073571
0.617132902 3438.90708554582
0.623994112 3419.18577980377
0.630855262 3399.73584085229
0.637716472 3380.56384785813
0.644577682 3361.69696058513
0.651438892 3343.16191223029
0.658300042 3324.97900737685
0.665161252 3307.13553935036
0.672022462 3289.61382319003
0.678883642 3272.55788292817
0.685744822 3255.50194266631
0.692606032 3238.85393583466
0.699467242 3222.46035857944
0.706328392 3206.31142495467
0.713189602 3190.40392316273
0.720050812 3174.73419476534
0.726911962 3159.29888243029
0.733773172 3144.09492993137
0.740634382 3129.11969757239
0.747495592 3114.37143893838
0.754356742 3099.84766488616
0.761217952 3085.54502310195
0.768079162 3071.45824423022
0.774940372 3057.58003648664
0.781801522 3043.90149215116
0.788662732 3030.41339236084
0.795523942 3017.10655840023
0.802385092 3003.97396446198
0.809246302 2991.01021071129
0.816107512 2978.21222586665
0.822968721 2965.57826853154
0.829829872 2953.10833368752
0.836691082 2940.80285291989
0.843552291 2928.66226785084
0.850413442 2916.68614187662
0.857274652 2904.87272356383
0.864135861 2893.2196743223
0.870997071 2881.72261305931
0.877858222 2870.37846849335
0.884719431 2859.17673202401
0.891580641 2848.10980072403
0.898441821 2837.25078313737
0.905303001 2826.3917655507
0.912164211 2815.72401051392
0.919025421 2805.17733021156
0.925886571 2794.74574267052
0.932747781 2784.42661823146
0.939608991 2774.21835601399
0.946470201 2764.12021328992
0.953331351 2754.13175847392
0.960192561 2744.25328765361
0.967053771 2734.48464525752
0.973914921 2724.82583630409
0.980776131 2715.27656972416
0.987637341 2705.83612286327
0.994498551 2696.50360244018
1.0013597 2687.2769759892
1.00822091 2678.15434152392
1.01508212 2669.13321491958
1.02194333 2660.21082098229
1.02880454 2651.38380237981
1.03566563 2642.64981550356
1.04252684 2634.00536752359
1.04938805 2625.44796929671
1.05624926 2616.97484061061
1.06311047 2608.58379844655
1.06997168 2600.27250421439
1.07683289 2592.04037075735
1.08369398 2583.88549608903
1.09055519 2575.81562867125
1.0974164 2567.7754101605
1.10427761 2559.79828841821
