x Norm_heat_flux
0.0180150419 267472.80509968
0.0180169381 268752.318035259
0.0180201065 268996.046303393
0.0180245433 268452.167515646
0.0180302449 267398.828366687
0.0180372111 266059.042033514
0.0180454366 264571.528063877
0.0180549175 262944.210564784
0.01806565 261155.199127896
0.0180776287 259211.430232444
0.0180908442 257109.051728626
0.0181052946 254833.780150093
0.0181209706 252365.481540344
0.0181378648 249699.706555952
0.0181559697 246841.989525737
0.0181752779 243789.860376572
0.01819578 240547.397087781
0.0182174668 237128.433474043
0.0182403289 233538.59620336
0.0182643589 229776.744083881
0.0182895437 225855.367997392
0.0183158759 221789.907657396
0.0183433443 217581.952903727
0.0183719378 213236.253182157
0.018401647 208771.035444331
0.0184324589 204191.067202383
0.0184643641 199495.075781495
0.0184973478 194679.100633694
0.0185313988 189747.102306952
0.0185665023 184634.248658391
0.018602632 179926.722869203
0.0186399799 174533.058239455
0.0186773278 169139.393609707
0.0187158808 164310.686695295
0.018755395 159377.885419142
0.018795846 154351.421097793
0.0188372135 149198.699003564
0.0188794713 143948.884266464
0.0189225972 138671.680924929
0.0189665668 133424.044188108
0.0190113559 128238.933121982
0.0190569405 123131.631868603
0.0191032961 118105.690468058
0.0191503987 113160.848965475
0.0191982221 108297.49980238
0.0192467421 103519.391748837
0.0192959309 98833.4867777226
0.0193457678 94246.713238404
0.0193962213 89763.1459987775
0.0194472689 85394.0678028712
0.0194988828 81146.2647776386
0.0195510369 77016.0260923733
0.0196037032 73005.9222892484
0.0196568556 69117.7433432401
0.0197104663 65354.2001119311
0.0197645091 61719.0830183883
0.019818956 58216.9630528757
0.0198737793 54851.0977811567
0.0199289545 51624.4971594701
0.0199844539 48534.8476898231
0.0200402513 45594.8152969744
0.0200963281 42787.8034180575
0.0201526638 40071.962931943
0.0202143453 37639.4820386327
0.0202760268 35207.0011453224
0.0203487631 33953.0141722809
0.0204278119 32916.3625202092
0.0205137152 32129.3166255975
0.0206070691 31392.738108889
0.0207085144 30692.9819488859
0.0208187513 30053.4242110759
0.0209385343 29476.2987007224
0.0210686885 28919.8640926546
0.0212101042 28335.1063474049
0.0213637482 27726.1501157327
0.0215306729 27121.6410193777
0.0217120145 26536.5817666238
0.0219090097 25968.2944208143
0.0221229922 25395.1861667365
0.0223554168 24798.1246269129
0.0226078518 24188.9838172447
0.0228819996 23583.7502597829
0.0231797025 22981.2438196294
0.0235029534 22367.4829394146
0.0238539111 21757.3022098895
0.0242349096 21176.7367638873
0.0246484708 20607.8489122864
0.0250973199 20025.1172091399
0.0255844016 19428.9297801197
0.0261128936 18866.7347126033
0.0266862232 18385.4357946356
0.0273080822 17963.2216080268
0.027982451 17553.1277420513
0.0287136119 17124.4743026349
0.0295061674 16704.1413261292
0.0304008862 16331.331362218
0.031295605 15958.5213983068
0.0323034823 15623.4965776301
0.0333947837 15331.582813452
0.03457601 15091.1752429785
0.0358541161 14898.1609585851
0.0372364931 14732.1412312033
0.0387310162 14580.6932290089
0.0403460413 14456.424361822
0.0420904085 14370.1394180335
0.0439734645 14316.8839990354
0.0460050628 14292.1234480247
0.0481955446 14294.6519357224
0.0505557396 14327.2060140923
0.0530969501 14395.3847497515
0.0558309145 14504.9113653697
0.0587697774 14660.0971974445
0.0619260333 14863.7291830158
0.0653124675 15121.475341981
0.0689420775 15438.1835817824
0.0728279725 15815.6719806256
0.076983273 16253.7466262276
0.0814209655 16743.7317505631
0.086153768 17266.9673111459
0.0911939517 17797.5992402352
0.0965531468 18308.2109305348
0.102242149 18775.8553926493
0.108270667 19186.0719091475
0.11464712 19530.6546381471
0.121378347 19810.9154986182
0.128469378 20020.9833244621
0.135923132 20190.1554312345
0.1439208535 20277.8776544701
0.151918575 20365.5998777057
0.160453424 20374.4566104548
0.16933693 20349.5033515853
0.178558066 20293.2801311927
0.188102499 20211.484276828
0.197952598 20109.4673459521
0.20808737 19994.1253692192
0.218482539 19872.7426033243
0.229110733 19748.7565750677
0.239941671 19623.1183780278
0.250942498 19497.9872435414
0.262078047 19375.3378249494
0.273311466 19255.1609887023
0.28460446 19137.8315114379
0.295917958 19024.9199622058
0.307212591 18916.8937579323
0.318449229 18812.6649021643
0.329589576 18711.7404843318
0.340596676 18615.3589535337
0.351435304 18524.8021181372
0.362072468 18439.6329729251
0.372477829 18358.2262479191
0.382623851 18279.6027463116
0.392486155 18204.2906080783
0.402043581 18133.6452118262
0.411278367 18068.4436118485
0.420176059 18008.6566008604
0.428725481 17952.4648962321
0.436918706 17900.8920577264
0.444750726 17847.6635375336
0.452219486 17807.1652784209
0.4592030645 17762.3536252526
0.466186643 17717.5419720843
0.473047853 17683.10678398
0.479909033 17641.3617451682
0.486770242 17600.5292583629
0.493631423 17562.0254252205
0.500492632 17525.494037308
0.507353783 17490.2490747219
0.514214993 17455.7062913963
0.521076202 17421.4299869068
0.527937412 17387.0893460957
0.534798563 17352.4753010098
0.541659772 17317.5528229812
0.548520982 17282.5041815262
0.555382192 17247.6529652579
0.562243342 17213.2621401085
0.569104552 17179.3573000906
0.575965762 17145.7224518124
0.582826912 17112.1284535856
0.589688122 17078.6478719631
0.596549332 17045.7748219393
0.603410542 17014.230352086
0.610271692 16984.5143987806
0.617132902 16956.5207719635
0.623994112 16929.4537487675
0.630855262 16902.1636060037
0.637716472 16873.6044016947
0.644577682 16843.5484996821
0.651438892 16811.9537451219
0.658300042 16781.0577572872
0.665161252 16749.3204792064
0.672022462 16721.6013607194
0.678883642 16704.0828613751
0.685744822 16686.5643620309
0.692606032 16665.4692750849
0.699467242 16640.2495373794
0.706328392 16612.6216540193
0.713189602 16583.9165136547
0.720050812 16554.6878502736
0.726911962 16525.2266326691
0.733773172 16495.9454764702
0.740634382 16467.4026322554
0.747495592 16440.1486222151
0.754356742 16414.5514982861
0.761217952 16390.7071125542
0.768079162 16368.424864903
0.774940372 16347.2911360166
0.781801522 16326.7616265626
0.788662732 16306.277584119
0.795523942 16285.3623578413
0.802385092 16263.7076151553
0.809246302 16241.2021475676
0.816107512 16217.9372905737
0.822968721 16194.1663747131
0.829829872 16170.2389840858
0.836691082 16146.53822593
0.843552291 16123.4077625939
0.850413442 16101.1301319017
0.857274652 16079.8188508267
0.864135861 16059.6690360757
0.870997071 16040.2307348723
0.877858222 16022.3290781056
0.884719431 16003.9528782366
0.891580641 15986.8561782552
0.898441821 15976.0042667708
0.905303001 15965.1523552865
0.912164211 15951.8612340422
0.919025421 15934.7284013373
0.925886571 15914.7292399697
0.932747781 15893.3466971343
0.939608991 15871.6650556431
0.946470201 15850.1971994327
0.953331351 15829.1021124868
0.960192561 15808.411210201
0.967053771 15788.1527965421
0.973914921 15768.3803680147
0.980776131 15749.1558520921
0.987637341 15730.5308382741
0.994498551 15712.5333294214
1.0013597 15695.1655336449
1.00822091 15678.4041654116
1.01508212 15662.2095790944
1.02194333 15646.5196464824
1.02880454 15631.2656150324
1.03566563 15616.3655839042
1.04252684 15601.7320316121
1.04938805 15587.2701097568
1.05624926 15572.8971145488
1.06311047 15558.5146846852
1.06997168 15544.0762491002
1.07683289 15529.4636738615
1.08369398 15514.7798368625
1.09055519 15499.5900413653
1.0974164 15485.0043649319
1.10427761 15467.7417555283
1.11113882 15542.7886193497
1.118744255 12318.8003684821
1.12634969 9094.81211761451
1.13456452 8162.77202707416
1.14264703 7760.00956096085
1.15059936 7464.64473024784
1.15842354 7221.51057441991
1.16612196 7014.18574420904
1.1736964 6834.69094990954
1.18114924 6678.17421914778
1.1884824 6541.31481411526
1.1956979 6421.47966295343
1.20279765 6316.4498751841
1.20978367 6224.33491645411
1.21665788 6143.50772018607
1.22342205 6072.55271667763
1.23007822 6010.22902790785
1.23662806 5955.45231084361
1.24307346 5907.27206408186
1.24941611 5864.8545752115
1.25565791 5827.46550684798
1.26180029 5794.4651090475
1.26784515 5765.29312385798
1.27379405 5739.4646400928
1.27964866 5716.56077911757
1.28541064 5696.21405106026
1.29108143 5678.11893366969
1.29666269 5661.97919883413
1.30215597 5647.61549776558
1.30756259 5634.69249871597
1.31288421 5623.2779505419
1.31812239 5612.85659056899
1.32327819 5603.33201468348
1.32831371 5596.56817459454
1.33334923 5589.8043345056
1.33826709 5585.19482274373
1.3431083 5580.94168000454
1.34787416 5576.7604012377
1.352566 5572.62410771166
1.35718524 5568.58537253915
1.36173296 5564.71197468739
1.36621046 5561.05883589614
1.37061894 5557.66099487037
1.37495971 5554.5348217412
1.37923396 5551.67972433343
1.38344264 5549.08694046163
1.38758719 5546.74129438191
1.39166856 5544.62348519777
1.39568794 5542.71599857517
1.3996464 5541.00130010634
1.40354514 5539.46187545724
1.40738499 5538.08311094856
1.41116726 5536.85156721452
1.41489279 5535.75439706455
1.41856265 5534.78049972302
1.42217791 5533.92053086614
1.42573953 5533.1645439581
1.42924857 5532.50378685029
1.43270576 5531.93416450071
1.43611228 5531.43641616036
1.43946886 5531.03329540818
1.44277668 5530.65472483427
1.44603634 5530.39707844177
1.44924903 5530.18500946525
1.45241535 5529.87477992315
1.455514135 5530.1756551046
1.45861292 5530.47653028606
1.46164584 5531.84828906112
1.46463585 5533.39939662417
1.46758378 5534.83132642078
1.47049057 5536.05352583103
1.47335696 5537.05429186726
1.47618377 5537.8488404208
1.47897172 5538.46461228782
1.48172152 5538.93315334332
1.48443401 5539.28777595103
1.4871099 5539.55594098082
1.48974991 5539.76392495221
1.49235487 5539.93100868793
1.49492526 5540.07414445745
1.49746203 5540.20500513783
1.49996579 5540.33353726491
1.50243723 5540.46499012049
1.50487697 5540.60461298633
1.50728571 5540.75476452633
1.50966418 5540.9165889434
1.51201296 5541.09186276312
1.51433265 5541.27997373657
1.51662397 5541.48095197433
1.51888752 5541.69419526436
1.52112389 5541.9208678833
1.52333367 5542.15455627273
1.52551758 5542.40928193674
1.52767622 5542.65289678828
1.52981007 5542.92632113672
1.53191972 5543.24588496573
1.53400576 5543.4953513111
1.53605765 5543.86633401307
1.53810954 5544.23731671504
1.54012823 5545.33623327999
1.5421257 5546.74245865855
1.54410231 5548.20710864369
1.54605865 5549.62150403252
1.54799533 5550.94477469998
1.54991281 5552.16054047807
1.5518117 5553.26530853685
1.55369246 5554.26081525443
1.55555546 5555.15293219837
1.55740154 5555.95039144354
1.5592308 5556.66373170095
1.5610441 5557.30286939585
1.56284177 5557.87832316553
1.56462443 5558.40120382247
1.5663923 5558.87968137694
1.56814611 5559.32311018959
1.56988633 5559.73848595717
1.57161331 5560.1322523487
1.57332754 5560.51083295948
1.57502961 5560.87772061945
1.57671976 5561.23702040748
1.5783987 5561.5928173287
1.5800668 5561.94684776122
1.58172452 5562.30264468244
1.58337235 5562.65668515182
1.58501053 5563.02182639682
1.58663976 5563.37527469101
1.58826041 5563.75209884996
1.58987296 5564.14820383165
1.59147775 5564.50224430103
1.593071875 5564.97984362959
1.594666 5565.45744295814
1.5962503 5566.3951272812
1.59782863 5567.58518864125
1.59940147 5568.88390913044
1.6009692 5570.20425906942
1.60253227 5571.50356169694
1.60409105 5572.76840775782
1.60564613 5574.17697172655
1.60719776 5575.44823134586
1.60874641 5571.45624790285
1.61029255 5530.34157456368
1.61183655 5283.7587510122
1.61337888 4511.19681921722
1.61492002 5436.57560129008
1.6164602 7427.82702061201
1.61800003 17159.9249206391
1.61929619 22932.7369430838
1.62059247 26130.6241941743
1.62188876 28840.528977131
1.62318504 30607.7976480036
1.6244812 31765.7267792286
1.62577748 32684.2952856444
1.62707376 33670.8299468625
1.62837005 34931.269120271
1.62966621 36525.9093886282
1.63096249 38311.3613507736
1.63225877 40161.8069489992
1.63355505 42033.2495739737
1.63485122 43910.5062552702
1.6361475 45782.0703263433
1.63744378 47637.18266655
1.638740005 49442.3393585505
1.64003623 51247.4960505511
1.64133251 52966.2555363986
1.64262879 54603.6164271029
1.64392495 56142.7157813301
1.64522123 57570.724073379
1.64651752 58878.8918646157
1.6478138 60062.1576630543
1.64910996 61119.5818171458
1.65040624 62055.8195264735
1.65170252 62878.5826182941
1.65299869 63597.1389354555
1.65429497 64221.7149420348
1.65559125 64762.3592488141
1.65688753 65229.3633587727
1.65818369 65633.6314252912
1.65947998 65984.9174770862
1.66077626 66291.0968419885
1.66207254 66560.2411689597
1.6633687 66801.6466048148
1.66466498 67023.2398661465
1.66596127 67229.1292436202
1.66725755 67419.5717814164
1.66855371 67592.5110257228
1.66984999 67746.7504815472
1.67114627 67884.1409472838
1.67244244 68005.9443583018
1.67373872 68108.3609572474
1.675035 68188.1938010377
1.67633128 68254.5801528724
1.67762744 68324.7569277741
1.67892373 68405.903095696
1.68022001 68478.4378820983
1.68151629 68550.9726685007
1.68281245 68597.5047913367
1.68410873 68638.4004100395
1.68540502 68681.6375295956
1.6867013 68722.4443220197
1.68799746 68751.7115269726
1.68929374 68768.4716907818
1.69059002 68781.6189837127
1.69188619 68800.8048576948
1.69318247 68827.8473909337
1.69447875 68856.5116812471
1.69577503 68878.0437734104
1.69707119 68886.3631322657
1.69836748 68879.9460609355
1.69966376 68861.6341973881
1.70096004 68837.6530091502
1.7022562 68815.34034979
1.70355248 68799.6831373666
1.70484877 68790.9619023307
1.70614493 68785.7833804682
1.70744121 68780.4785948107
1.70873749 68773.5099976033
1.71003377 68765.2187419774
1.71132994 68756.3198543841
1.71262622 68747.3975808892
1.7139225 68739.4194755339
1.71521878 68734.2969593929
1.71651495 68727.3003593247
1.71781123 68746.9535498645
1.71910751 68957.4606894053
1.72040379 72140.2586140439
1.72183317 47851.009349512
1.72326255 23561.7600849801
1.72482502 14367.8199982889
1.7263875 11772.4555474462
1.72794998 10893.8303617308
1.72951245 10510.7275398632
1.73107505 10304.4432116475
1.73263752 10156.6139017146
1.7342 10024.4814397954
1.73576248 9897.90844905029
1.73732495 9775.42617441522
1.73888755 9656.80504261652
1.74045002 9542.02107557738
1.7420125 9431.18411677731
1.74357498 9324.49338800227
1.74513745 9222.16797399923
1.74670005 9124.3831285142
1.74826252 9031.21832346519
1.749825 8942.64258507866
1.75138748 8858.53322268447
1.75294995 8778.71381826001
1.75451255 8702.99097140257
1.75607502 8631.18709981288
1.7576375 8563.1421054151
1.75919998 8498.73039688436
1.76076245 8437.80474340915
1.76232505 8380.30439182959
1.76388752 8325.94306056979
1.76545 8274.90128276812
1.76701248 8226.69473941313
1.76857495 8185.23831073058
