x Norm_heat_flux
0.0180150419 264270.498314658
0.0180169381 263141.032535656
0.0180201065 261962.529632391
0.0180245433 260805.413286708
0.0180302449 259640.726131759
0.0180372111 258400.005689636
0.0180454366 257029.391117485
0.0180549193 255443.820965683
0.01806565 253574.850822684
0.0180776287 251422.35020921
0.0180908442 248994.919717147
0.0181052946 246309.028842617
0.0181209706 243379.652592149
0.0181378648 240224.813165291
0.0181559715 236863.504330377
0.0181752779 233311.936632346
0.01819578 229582.464451583
0.0182174668 225685.690735071
0.0182403289 221632.868818816
0.0182643589 217426.465764886
0.0182895437 213078.429460527
0.0183158759 208605.003572339
0.0183433443 204008.396211206
0.0183719378 199290.028597586
0.018401647 194459.63850047
0.0184324589 189528.874708449
0.0184643641 184528.919761929
0.0184973478 179486.938443197
0.0185314007 174412.951560913
0.0185665023 169153.340840989
0.018602632 164222.258880264
0.0186399799 158711.067548802
0.0186773278 153199.876217341
0.0187158808 148157.277631249
0.018755395 143097.732797821
0.018795846 138105.724039418
0.0188372135 133147.374920356
0.0188794713 128169.789140761
0.0189225972 123149.438275496
0.0189665668 118102.05411091
0.0190113559 113069.009619131
0.0190569405 108098.126459751
0.0191032961 103228.607634113
0.0191503987 98484.1310163134
0.0191982221 93871.4741016005
0.0192467421 89387.2057867688
0.0192959309 85026.2692971605
0.0193457678 80785.813459783
0.0193962213 76663.5108253976
0.0194472689 72665.2643769736
0.0194988828 68796.1498588488
0.0195510369 65054.2181113262
0.0196037032 61443.4655139968
0.0196568556 57966.4110195339
0.0197104663 54624.2044514953
0.0197645091 51416.986024922
0.019818956 48344.3630975515
0.0198737793 45405.8450672934
0.0199289545 42600.8100498282
0.0199844539 39928.3002268764
0.0200402513 37393.0125513907
0.0200963281 34992.4746417636
0.0201526638 32645.2762600856
0.0202143453 30606.3301074006
0.0202760268 28567.3839547156
0.0203487631 27423.2961658193
0.0204278119 26497.8572227618
0.0205137152 25749.1478467089
0.0206070691 25097.2092311815
0.0207085144 24511.8883172881
0.0208187513 23954.7222223062
0.0209385343 23420.6889995087
0.0210686885 22914.0114602207
0.0212101042 22416.5014954728
0.0213637482 21908.3120024424
0.0215306729 21389.3401032362
0.0217120145 20867.6596549266
0.0219090097 20358.0213400514
0.0221229922 19858.5553905365
0.0223554168 19353.1957923392
0.0226078518 18839.5286787904
0.0228819996 18313.6967812847
0.0231797025 17770.3709245761
0.0235029534 17215.0661666994
0.0238539111 16666.6225111776
0.0242349096 16135.0571533971
0.0246484708 15608.4657661166
0.0250973199 15079.6508111774
0.0255844016 14554.4335714464
0.0261128936 14035.9921206953
0.0266862232 13525.390868738
0.0273080822 13030.5532200012
0.027982451 12563.4298720549
0.0287136119 12132.1333239123
0.0295061674 11731.6043920671
0.0304008862 11331.4662456637
0.031295605 10931.3280992603
0.0323034823 10539.2540239837
0.0333947837 10189.3606879434
0.03457601 9886.67851901972
0.0358541161 9614.30635548689
0.0372364931 9354.22505904239
0.0387310162 9102.36553298907
0.0403460413 8871.39956361622
0.0420904085 8675.28772120333
0.0439734645 8512.75816399276
0.0460050628 8375.24969480323
0.0481955446 8256.66419388468
0.0505557396 8154.48600065629
0.0530969501 8070.88549741495
0.0558309145 8010.69538574838
0.0587697774 7976.28584184085
0.0619260333 7965.80489298472
0.0653124675 7976.97054691487
0.0689420775 8006.51351480635
0.0728279725 8050.68833875931
0.076983273 8108.37330848237
0.0814209655 8179.15246606963
0.086153768 8262.51810660803
0.0911939517 8357.38475289841
0.0965531468 8461.96702684997
0.102242149 8574.22714322431
0.108270667 8692.51820259357
0.11464712 8815.73775541539
0.121378347 8943.10003539541
0.128469378 9073.64865952615
0.135923132 9208.50008881719
0.1439208535 9343.84226071498
0.151918575 9479.18443261276
0.160453424 9610.23899516785
0.16933693 9739.51342891392
0.178558066 9864.30863947705
0.188102499 9982.7363909468
0.197952598 10093.2876904567
0.20808737 10194.7367353612
0.218482539 10286.2272001862
0.229110733 10367.3534951101
0.239941671 10438.1285676922
0.250942498 10498.8877496806
0.262078047 10550.1286689733
0.273311466 10592.378461859
0.28460446 10626.3323821597
0.295917958 10652.7544362407
0.307212591 10672.3796239197
0.318449229 10686.0177196786
0.329589576 10694.481910534
0.340596676 10698.5539681071
0.351435304 10698.9465100008
0.362072468 10696.2999887396
0.372477829 10691.1705471599
0.382623851 10684.0453748172
0.392486155 10675.3357825478
0.402043581 10665.4226694788
0.411278367 10654.5702059667
0.420176059 10643.1720379606
0.428725481 10631.1790851778
0.436918706 10619.4525108623
0.444750726 10606.9841116591
0.452219486 10601.271528069
0.4592030645 10582.3450569313
0.466186643 10563.4185857935
0.473047853 10556.9804370413
0.479909033 10547.5090465174
0.486770242 10537.5632132599
0.493631423 10527.2996127726
0.500492632 10516.7077063447
0.507353783 10505.8306525068
0.514214993 10494.7432259231
0.521076202 10483.5039415319
0.527937412 10472.1525453291
0.534798563 10460.7099139993
0.541659772 10449.1926083743
0.548520982 10437.6085575794
0.555382192 10425.9697054872
0.562243342 10414.2840815917
0.569104552 10402.562224604
0.575965762 10390.8146732352
0.582826912 10379.050761772
0.589688122 10367.277516022
0.596549332 10355.5007573683
0.603410542 10343.721690235
0.610271692 10331.9449315813
0.617132902 10320.1833285977
0.623994112 10308.4580590751
0.630855262 10296.7923081775
0.637716472 10285.2071533272
0.644577682 10273.7131332351
0.651438892 10262.293887807
0.658300042 10250.9319528931
0.665161252 10239.5396062703
0.672022462 10228.2746274979
0.678883642 10217.0529076251
0.685744822 10205.8311877522
0.692606032 10194.1945437709
0.699467242 10182.6234405353
0.706328392 10171.1715752873
0.713189602 10159.8575162321
0.720050812 10148.6894936012
0.726911962 10137.6523517244
0.733773172 10126.7239091242
0.740634382 10115.8772669954
0.747495592 10105.0889390675
0.754356742 10094.3462788875
0.761217952 10083.6433647033
0.768079162 10072.9836090501
0.774940372 10062.3741381037
0.781801522 10051.8230817271
0.788662732 10041.3339528238
0.795523942 10030.9125627403
0.802385092 10020.5589616609
0.809246302 10010.2696366818
0.816107512 10000.045742043
0.822968721 9989.88261060092
0.829829872 9979.78139659535
0.836691082 9969.73978150986
0.843552291 9959.76009389776
0.850413442 9949.84349803568
0.857274652 9939.99116823715
0.864135861 9930.20543305546
0.870997071 9920.48397397418
0.877858222 9910.83728955687
0.884719431 9901.22799247155
0.891580641 9891.79630779611
0.898441821 9882.54981838406
0.905303001 9873.30332897201
0.912164211 9863.86696711624
0.919025421 9854.50771851461
0.925886571 9845.23376321424
0.932747781 9836.03810551839
0.939608991 9826.91604817299
0.946470201 9817.86410838498
0.953331351 9808.88110180397
0.960192561 9799.96060483466
0.967053771 9791.09970678545
0.973914921 9782.2954668541
0.980776131 9773.54498438586
0.987637341 9764.84823930701
0.994498551 9756.20350527631
1.0013597 9747.61017004483
1.00822091 9739.06941796295
1.01508212 9730.5795026157
1.02194333 9722.141568206
1.02880454 9713.75564484444
1.03566563 9705.42229459562
1.04252684 9697.14035318289
1.04938805 9688.91157705809
1.05624926 9680.73420976937
1.06311047 9672.6111820821
1.06997168 9664.53780677907
1.07683289 9656.51526821068
1.08369398 9648.56925072123
1.09055519 9640.54203497252
1.0974164 9632.84315527514
1.10427761 9625.09986243842
1.11113882 9694.82858153148
1.118744255 7793.2413085606
1.12634969 5891.65403558973
1.13456452 5303.94831175903
1.14264703 5079.20664563631
1.15059936 4907.83897406608
1.15842354 4766.47288498074
1.16612196 4645.26772145882
1.1736964 4539.52665098994
1.18114924 4445.97742387319
1.1884824 4362.13593543964
1.1956979 4286.15837295505
1.20279765 4216.73344977194
1.20978367 4152.9503602988
1.21665788 4094.16267003796
1.22342205 4039.87787993084
1.23007822 3989.68935632158
1.23662806 3943.24132236271
1.24307346 3900.21596064016
1.24941611 3860.32992034341
1.25565791 3823.33080436172
1.26180029 3788.99575408587
1.26784515 3757.12524662389
1.27379405 3727.54050528925
1.27964866 3700.07824028221
1.28541064 3674.58890227483
1.29108143 3650.93227622606
1.29666269 3628.97922779678
1.30215597 3608.6059321508
1.30756259 3589.70370004839
1.31288421 3572.14693012781
1.31812239 3555.8921125678
1.32327819 3540.76395347492
1.32831371 3527.0348684924
1.33334923 3513.30578350988
1.33826709 3501.22611219058
1.3431083 3490.05081283061
1.34787416 3479.6598244192
1.352566 3469.99093845066
1.35718524 3460.99479360989
1.36173296 3452.62522030574
1.36621046 3444.83782547258
1.37061894 3437.59054459812
1.37495971 3430.84452496768
1.37923396 3424.56412566427
1.38344264 3418.71577336559
1.38758719 3413.26877533038
1.39166856 3408.19421534295
1.39568794 3403.4660979161
1.3996464 3399.05960187613
1.40354514 3394.95222456578
1.40738499 3391.12322981649
1.41116726 3387.55333680551
1.41489279 3384.2244390236
1.41856265 3381.1204574088
1.42217791 3378.22622625408
1.42573953 3375.52711180643
1.42924857 3373.01028694898
1.43270576 3370.66346655574
1.43611228 3368.47613198941
1.43946886 3366.43631930375
1.44277668 3364.53906024929
1.44603634 3362.75279891414
1.44924903 3361.13829849503
1.45241535 3359.64210263488
1.455514135 3358.05593629314
1.45861292 3356.4697699514
1.46164584 3355.17863733414
1.46463585 3354.06978427023
1.46758378 3353.05470566074
1.47049057 3352.10825915222
1.47335696 3351.22549656893
1.47618377 3350.4052536342
1.47897172 3349.64518172102
1.48172152 3348.94265117007
1.48443401 3348.29475128971
1.4871099 3347.69855131461
1.48974991 3347.15142158543
1.49235487 3346.65045141056
1.49492526 3346.19330219984
1.49746203 3345.77733425707
1.49996579 3345.40051009813
1.50243723 3345.06049113285
1.50487697 3344.75522984023
1.50728571 3344.48269877301
1.50966418 3344.24141247477
1.51201296 3344.02933346139
1.51433265 3343.84530749308
1.51662397 3343.68727701198
1.51888752 3343.55436881059
1.52112389 3343.44482643709
1.52333367 3343.35777668399
1.52551758 3343.29117203028
1.52767622 3343.24705999698
1.52981007 3343.20354013886
1.53191972 3343.2292445569
1.53400576 3343.314246789
1.53605765 3343.17885446288
1.53810954 3343.04346213675
1.54012823 3342.99234436983
1.5421257 3343.0606954385
1.54410231 3343.17111101949
1.54605865 3343.29496596625
1.54799533 3343.42525454518
1.54991281 3343.56195668253
1.5518117 3343.70567459037
1.55369246 3343.85757254534
1.55555546 3344.01706840912
1.55740154 3344.18474432004
1.5592308 3344.36029917205
1.5610441 3344.54345193288
1.56284177 3344.73420260251
1.56462443 3344.9316679366
1.5663923 3345.13644011033
1.56814611 3345.34763587936
1.56988633 3345.56525524369
1.57161331 3345.78901717101
1.57332754 3346.01862055531
1.57502961 3346.25434642887
1.57671976 3346.49534165794
1.5783987 3346.74188727482
1.5800668 3346.99368217349
1.58172452 3347.25044532163
1.58337235 3347.5124778253
1.58501053 3347.77858529722
1.58663976 3348.05054426299
1.58826041 3348.31899032508
1.58987296 3348.61607157056
1.59147775 3348.94702724436
1.593071875 3349.17341381257
1.594666 3349.39980038079
1.5962503 3349.63729274305
1.59782863 3349.92677607973
1.59940147 3350.24020738261
1.6009692 3350.59190926184
1.60253227 3351.09784768619
1.60409105 3351.41274437175
1.60564613 3347.9036145575
1.60719776 3324.10881095184
1.60874641 3213.23387264461
1.61029255 2767.10194083835
1.61183655 2558.14450369913
1.61337888 3314.97887466534
1.61492002 4511.39049061534
1.6164602 5126.15127369577
1.61800003 7865.94138209937
1.61929619 10609.6317369757
1.62059247 12382.9027558073
1.62188876 14120.6027142229
1.62318504 15583.4119378332
1.6244812 16748.2431218331
1.62577748 17667.6400713045
1.62707376 18375.0436218738
1.62837005 18925.4070290705
1.62966621 19380.2629159038
1.63096249 19787.0512398885
1.63225877 20183.5701420026
1.63355505 20597.7465038936
1.63485122 21063.9888155978
1.6361475 21616.350262037
1.63744378 22258.5044371387
1.638740005 22974.5930398361
1.64003623 23690.6816425335
1.64133251 24432.756548703
1.64262879 25183.8822002732
1.64392495 25941.1047470957
1.64522123 26702.1294601202
1.64651752 27466.2481379656
1.6478138 28233.6993569759
1.64910996 29004.1838177578
1.65040624 29776.8929502537
1.65170252 30551.4014923814
1.65299869 31326.4475087715
1.65429497 32100.6826466245
1.65559125 32873.3894706408
1.65688753 33642.8971434633
1.65818369 34406.7214399807
1.65947998 35163.1260824586
1.66077626 35910.4518763063
1.66207254 36645.8245637358
1.6633687 37365.771388541
1.66466498 38067.2661347579
1.66596127 38747.4741902254
1.66725755 39403.5561250863
1.66855371 40033.3948628476
1.66984999 40635.7844738616
1.67114627 41209.8882848413
1.67244244 41755.1081988436
1.67373872 42271.2010225653
1.675035 42757.9613013258
1.67633128 43215.1785620104
1.67762744 43642.7360758485
1.67892373 44041.6899220538
1.68022001 44399.2248272773
1.68151629 44756.7597325007
1.68281245 45073.4410734968
1.68410873 45364.860622312
1.68540502 45632.7383969549
1.6867013 45878.9484813525
1.68799746 46105.3791114154
1.68929374 46313.7643567669
1.69059002 46505.6229962194
1.69188619 46682.3480466337
1.69318247 46845.383512158
1.69447875 46996.103540342
1.69577503 47135.5645115055
1.69707119 47264.5655610506
1.69836748 47384.1769201745
1.69966376 47495.8615627054
1.70096004 47600.9375301028
1.7022562 47700.0076366375
1.70355248 47793.2589695225
1.70484877 47881.3877862665
1.70614505 47965.9785067961
1.70744121 48048.7324805464
1.70873749 48130.261856075
1.71003377 48209.744212447
1.71132994 48285.8566905065
1.71262622 48358.3611153842
1.7139225 48427.8321981216
1.71521878 48496.4759418589
1.71651495 48560.7732200616
1.71781123 48657.1652895707
1.71910751 48952.3752614528
1.72040379 51550.2495314194
1.72183317 34892.5754899613
1.72326255 18234.9014485031
1.72482502 11743.9653967865
1.7263875 9756.9016497161
1.72794998 9034.97487210381
1.72951245 8725.2901612864
1.73107505 8568.9691394069
1.73263752 8468.66220974577
1.7342 8382.09269064887
1.73576248 8296.16114497023
1.73732495 8208.34957353887
1.73888755 8118.49204685886
1.74045002 8027.07873543548
1.7420125 7934.93456942064
1.74357498 7842.99955165383
1.74513745 7752.14008462408
1.74670005 7663.03620626195
1.74826252 7576.1453668842
1.749825 7491.71936138949
1.75138748 7409.84990667437
1.75294995 7330.52474772345
1.75451255 7253.6726027027
1.75607502 7179.20525758237
1.7576375 7107.02689038703
1.75919998 7037.07266295168
1.76076245 6969.24384260929
1.76232505 6903.5725473363
1.76388752 6839.76784848712
1.76545 6778.33975945436
1.76701248 6718.89920106368
1.76857495 6666.77077174933
