x Norm_pressure Norm_heat_flux
0.0180150419 66.3635559 264902.954466765
0.0180169381 66.1166 263646.773233718
0.0180201065 65.794426 262300.649622313
0.0180245433 65.3991394 260921.155433354
0.0180302449 64.9297333 259490.062711508
0.0180372111 64.3863678 257972.990166651
0.0180454366 63.770031 256352.740629755
0.0180549193 63.0813103 254561.037304964
0.01806565 62.3215141 252526.745900203
0.0180776287 61.4936523 250240.856319386
0.0180908442 60.6004257 247702.880770744
0.0181052946 59.6451683 244920.467347426
0.0181209706 58.6311455 241902.176493846
0.0181378648 57.5616913 238665.247533876
0.0181559715 56.4400558 235226.559467837
0.0181752779 55.2700043 231601.126446044
0.01819578 54.0549164 227803.063315467
0.0182174668 52.7980461 223841.790680082
0.0182403289 51.5033684 219729.069741396
0.0182643589 50.1739693 215470.021309283
0.0182895437 48.8134575 211075.078707662
0.0183158759 47.4260635 206558.37384618
0.0183433443 46.0154419 201920.431653016
0.0183719378 44.5864372 197162.261837054
0.018401647 43.1449585 192297.921031435
0.0184324589 41.6952744 187345.021931505
0.0184643641 40.2402306 182338.655433933
0.0184973478 38.7791481 177305.498529236
0.0185314007 37.3134003 172248.673686942
0.0185665023 35.842205 167017.833648128
0.018602632 34.4105415 162117.487587199
0.0186399799 32.972352 156608.95552382
0.0186773278 31.5341625 151100.423460442
0.0187158808 30.1828041 146059.740912383
0.018755395 28.8676872 141018.629790077
0.018795846 27.5695019 136071.853179412
0.0188372135 26.2758312 131186.275365538
0.0188794713 24.9829311 126298.1923495
0.0189225972 23.6981125 121369.699900627
0.0189665668 22.4353638 116407.902113841
0.0190113559 21.2086678 111453.339904942
0.0190569405 20.0274906 106557.376944114
0.0191032961 18.8956203 101763.124588961
0.0191503987 17.8124676 97096.3079334752
0.0191982221 16.7751503 92563.9652307248
0.0192467421 15.7805767 88162.0490134629
0.0192959309 14.8266945 83884.735690343
0.0193457678 13.9125643 79728.4547460685
0.0193962213 13.0376663 75690.359624606
0.0194472689 12.2022839 71775.6008449573
0.0194988828 11.4065542 67988.1419661562
0.0195510369 10.6497021 64325.3560388333
0.0196037032 9.9311285 60790.7113026043
0.0196568556 9.25023651 57386.3293505523
0.0197104663 8.60629463 54113.033005087
0.0197645091 7.99841738 50970.7988803068
0.019818956 7.42558193 47959.0660156789
0.0198737793 6.8867178 45077.4512035965
0.0199289545 6.38064432 42325.1879284775
0.0199844539 5.90594769 39701.9489884366
0.0200402513 5.46114969 37211.7189195609
0.0200963281 5.04551601 34855.8717690313
0.0201526638 4.67033434 32530.3830317052
0.0202143453 4.44178176 30517.0830832321
0.0202760268 4.21322918 28503.7831347589
0.0203487631 4.1131053 27355.5894640456
0.0204278119 4.03932953 26442.1317306357
0.0205137152 3.97983408 25678.9710718072
0.0206070691 3.92847276 25019.6104937608
0.0207085144 3.88083339 24424.4839616509
0.0208187513 3.83329153 23851.6233170979
0.0209385343 3.78555703 23296.5393703095
0.0210686885 3.73805189 22764.7916426439
0.0212101042 3.68879104 22242.5434087316
0.0213637482 3.63560009 21711.3285383693
0.0215306729 3.57913995 21166.5970183468
0.0217120145 3.52135539 20614.1187427682
0.0219090097 3.4630363 20070.6422326762
0.0221229922 3.40281653 19537.2189503256
0.0223554168 3.33863759 18997.1611980916
0.0226078518 3.26975513 18444.7636189289
0.0228819996 3.19600582 17875.2259805166
0.0231797025 3.11825991 17285.9277570807
0.0235029534 3.0390377 16684.2473511346
0.0238539111 2.96039677 16088.3263005817
0.0242349096 2.88170147 15508.6711984751
0.0246484708 2.80090594 14933.5799604563
0.0250973199 2.71803403 14354.3688893743
0.0255844016 2.63510704 13777.460777574
0.0261128936 2.55302811 13207.9371907764
0.0266862232 2.47164989 12646.1768199978
0.0273080822 2.39227462 12098.3968021648
0.027982451 2.31725264 11576.0375604963
0.0287136119 2.24692631 11088.8894571699
0.0295061674 2.17901063 10633.0766553752
0.0304008862 2.11031461 10179.3641183199
0.031295605 2.04161859 9725.6515812646
0.0323034823 1.97706115 9277.28586426854
0.0333947837 1.92078209 8863.96708245993
0.03457601 1.87195849 8490.57231041839
0.0358541161 1.82704234 8143.31625168414
0.0372364931 1.78399074 7805.66597713153
0.0387310162 1.74384606 7471.85988310897
0.0403460413 1.70898247 7151.01184691471
0.0420904085 1.68028855 6853.14595926333
0.0439734645 1.65649402 6577.48695242403
0.0460050628 1.63593924 6317.43779402973
0.0481955446 1.61800778 6065.59930525101
0.0505557396 1.60324597 5817.47880346539
0.0530969501 1.5926069 5573.18028065859
0.0558309145 1.58653378 5335.81823708269
0.0587697774 1.58467484 5107.24524765739
0.0619260333 1.58623827 4886.58963050127
0.0653124675 1.59057081 4672.61050759339
0.0689420775 1.59736538 4463.29407177218
0.0728279725 1.60647178 4256.42407225561
0.076983273 1.61772943 4051.75570984176
0.0814209655 1.63083124 3849.95616523375
0.086153768 1.64533281 3652.0866966691
0.0911939517 1.66071761 3459.20619368458
0.0965531468 1.67645478 3272.08992401099
0.102242149 1.69205225 3091.22512738826
0.108270667 1.70710182 2917.02630637648
0.11464712 1.72129345 2750.02130988207
0.121378347 1.73439276 2590.86067748159
0.128469378 1.74623322 2440.20895018193
0.135923132 1.75676572 2298.92713063735
0.1439208535 1.7652868 2171.1171963234
0.151918575 1.77380788 2043.30726200946
0.160453424 1.78046024 1928.33122947102
0.16933693 1.78607023 1822.21449911984
0.178558066 1.79073584 1724.45332056872
0.188102499 1.79458165 1634.61025701498
0.197952598 1.79773045 1552.23779464086
0.20808737 1.80029619 1476.87687723078
0.218482539 1.80238199 1408.06246659604
0.229110733 1.80407917 1345.32893237276
0.239941671 1.8054657 1288.20993157945
0.250942498 1.80660617 1236.25180783534
0.262078047 1.80755031 1189.01711430089
0.273311466 1.80832458 1146.07836070927
0.28460446 1.80894661 1107.04849533342
0.295917958 1.80943418 1071.57128966679
0.307212591 1.80980134 1039.30628312194
0.318449229 1.8100636 1009.95026192725
0.329589576 1.81023717 983.2339098242
0.340596676 1.81033754 958.919369108543
0.351435304 1.81037748 936.796539033511
0.362072468 1.81036627 916.679564913508
0.372477829 1.81030989 898.40135799438
0.382623851 1.81021237 881.809654979173
0.392486155 1.81007695 866.762783473676
0.402043581 1.80990982 853.129656967983
0.411278367 1.80971372 840.785179958488
0.420176059 1.80950177 829.630398967058
0.428725481 1.80923712 819.576366268918
0.436918706 1.80902517 810.749127859041
0.444750726 1.80841553 802.248324517771
0.452219486 1.80868721 795.347121865587
0.4592030645 1.808362005 788.594859805321
0.466186643 1.8080368 781.842597745056
0.473047853 1.80794716 776.488416647101
0.479909033 1.80785882 771.154830197872
0.486770242 1.80773175 766.164765580732
0.493631423 1.80759323 761.544003493919
0.500492632 1.80746615 757.281515427263
0.507353783 1.80735838 753.376351893085
0.514214993 1.80727136 749.835963258239
0.521076202 1.80720437 746.670279999575
0.527937412 1.80715656 743.88930787045
0.534798563 1.80712736 741.502977347715
0.541659772 1.80711603 739.521732795843
0.548520982 1.80712211 737.956380910229
0.555382192 1.8071444 736.817876931911
0.562243342 1.80718207 736.116590952541
0.569104552 1.80723464 735.862162379808
0.575965762 1.80730104 736.063207864587
0.582826912 1.80738032 736.727031235464
0.589688122 1.8074708 737.858815530892
0.596549332 1.80757034 739.461484490417
0.603410542 1.80767715 741.534598499237
0.610271692 1.80779028 744.074871486883
0.617132902 1.80791104 747.076095650716
0.623994112 1.80804181 750.53060382754
0.630855262 1.80818522 754.429194217096
0.637716472 1.80834293 758.761423458597
0.644577682 1.80851424 763.514585881289
0.651438892 1.80869532 768.672614467444
0.658300042 1.80888116 774.214622495485
0.665161252 1.80906582 780.115124351086
0.672022462 1.80924737 786.349072027345
0.678883642 1.80941635 793.026663305219
0.685744822 1.80958533 799.704254583094
0.692606032 1.80974543 806.762539232389
0.699467242 1.80991137 814.039980894132
0.706328392 1.81008458 821.509267244082
0.713189602 1.81026709 829.142499804926
0.720050812 1.81045914 836.91039701899
0.726911962 1.81065989 844.78228521506
0.733773172 1.81086695 852.726763049014
0.740634382 1.81107783 860.712720245893
0.747495592 1.81129026 868.710216829505
0.754356742 1.81150246 876.691573126255
0.761217952 1.81171334 884.631450060079
0.768079162 1.81192207 892.507062937733
0.774940372 1.81212819 900.297890379624
0.781801522 1.81233084 907.984944639539
0.788662732 1.81252933 915.550846881146
0.795523942 1.81272268 922.979455813895
0.802385092 1.81291008 930.256094526226
0.809246302 1.81309044 937.367471194314
0.816107512 1.81326342 944.302411773407
0.822968721 1.81342864 951.051351128638
0.829829872 1.81358612 957.606839896839
0.836691082 1.81373608 963.963254421067
0.843552291 1.81387901 970.116652219711
0.850413442 1.81401551 976.064257095179
0.857274652 1.81414592 981.804536417782
0.864135861 1.81427073 987.336394161573
0.870997071 1.81439018 992.659026373452
0.877858222 1.81450474 997.771485573115
0.884719431 1.81461453 1002.67194505065
0.891580641 1.81472158 1007.36193442468
0.898441821 1.81481993 1011.73520843274
0.905303001 1.81491828 1016.1084824408
0.912164211 1.81500638 1020.16020532005
0.919025421 1.81509268 1023.99884549915
0.925886571 1.81517541 1027.62402157713
0.932747781 1.81525445 1031.03646624533
0.939608991 1.81532991 1034.23698245316
0.946470201 1.81540203 1037.22710584138
0.953331351 1.81547093 1040.0084423088
0.960192561 1.81553686 1042.58317989257
0.967053771 1.81560016 1044.95388803081
0.973914921 1.81566083 1047.12332686213
0.980776131 1.81571913 1049.09470818416
0.987637341 1.81577528 1050.87140438445
0.994498551 1.81582928 1052.45727965703
1.0013597 1.81588149 1053.85612793787
1.00822091 1.81593192 1055.07211452705
1.01508212 1.81598067 1056.10961549886
1.02194333 1.816028 1056.97309725941
1.02880454 1.81607378 1057.66722695215
1.03566563 1.81611836 1058.19682227355
1.04252684 1.81616163 1058.56678121502
1.04938805 1.81620371 1058.78199173111
1.05624926 1.81624484 1058.84765291925
1.06311047 1.81628478 1058.76819103809
1.06997168 1.81632435 1058.5499092405
1.07683289 1.81636143 1058.19448368338
1.08369398 1.81640089 1057.71936847957
1.09055519 1.81642735 1057.10257285206
1.0974164 1.81648898 1056.43736941188
1.10427761 1.81646717 1055.35297619442
