x Norm_heat_flux
0.0180187915 267982.564559548
0.0180262625 265718.735010132
0.0180387404 262107.453971721
0.0180562008 257860.371493217
0.0180786084 253057.276657667
0.0181059223 247468.855142564
0.0181380939 241126.347702148
0.0181750711 234006.403563836
0.0182168037 226204.929012745
0.0182632357 217808.163826757
0.0183143206 208826.16695463
0.0183700118 199391.991128639
0.0184302628 189550.186993211
0.0184950363 179183.42356555
0.0185642689 169086.804437983
0.01863857075 158220.70835041
0.0187128726 147354.612262836
0.0187919755 137615.734197755
0.0188749339 127780.90267428
0.0189615451 117925.338996994
0.0190516002 108132.141404207
0.0191448946 98561.0240615698
0.0192412194 89382.4479100294
0.0193403661 80688.3091046012
0.0194421224 72522.9150964072
0.0195462685 64906.587431004
0.0196525902 57808.1614336097
0.0197608657 51244.6169750666
0.0198708791 45218.150623859
0.0199824255 39798.2289461341
0.0200953241 34643.0581573052
0.0202220436 30881.754853749
0.0203487631 27120.4515501928
0.0205137152 25327.829952381
0.0207085144 24289.0167604928
0.0209385343 23200.4208054438
0.0212101042 22139.1266359249
0.0215306729 21124.8531839592
0.0219090097 20149.0261542529
0.0223554168 19174.1888600654
0.0228819996 18148.6013490445
0.0235029534 17084.2902978483
0.0242349096 16025.9640300927
0.0250973199 14969.0072929275
0.0261128936 13909.4623487022
0.0273080822 12905.427906898
0.0287136119 12024.759114561
0.0305085471 11298.9647604802
0.0323034823 10573.1704063994
0.03457601 9930.00330057791
0.0372364931 9353.94580327384
0.0403460413 8873.59974537314
0.0439734645 8513.49604439157
0.0481955446 8252.75048797245
0.0530969501 8078.48799307231
0.0587697774 7989.1580141927
0.0653124675 7982.1911634003
0.0728279725 8050.50313847749
0.0814209655 8180.27300204749
0.0911939517 8360.45659646301
0.102242149 8581.27754090301
0.11464712 8831.0934603347
0.128469378 9099.27266218676
0.144461401 9366.83433571996
0.160453424 9634.39600925316
0.178558066 9878.94808341046
0.197952598 10097.9790227637
0.218482539 10281.8069636744
0.239941671 10426.0409672475
0.262078047 10531.0071313128
0.28460446 10600.486343913
0.307212591 10640.5313380827
0.329589576 10657.7459712589
0.351435304 10657.9481137733
0.372477829 10646.7415495707
0.392486155 10627.4833097728
0.411278367 10605.2243476545
0.428725481 10578.4775005365
0.444750726 10561.8645775757
0.4588992895 10528.7782942987
0.473047853 10495.6920110218
0.486770242 10482.3121638675
0.500492632 10463.6509169573
0.514214993 10443.6879886819
0.527937412 10422.8453289573
0.541659772 10401.391423993
0.555382192 10379.4971012763
0.569104552 10357.2814984262
0.582826912 10334.8671655968
0.596549332 10312.3816713757
0.610271692 10289.9323098781
0.623994112 10267.5636447964
0.637716472 10245.2837056247
0.651438892 10222.9862019346
0.665161252 10200.9493556974
0.678883642 10178.9346909376
0.692606032 10156.9200261778
0.706328392 10134.4309186844
0.720050812 10112.2714219245
0.733773172 10090.4670295419
0.747495592 10068.996864852
0.761217952 10047.8351331048
0.774940372 10026.9643801877
0.788662732 10006.3635286784
0.802385092 9986.01387989262
0.816107512 9965.90026812327
0.829829872 9946.01216469623
0.843552291 9926.34489243115
0.857274652 9906.91014427886
0.870997071 9887.6576756799
0.884719431 9868.82934503398
0.898441821 9850.39303436461
0.912164211 9831.95672369525
0.925886571 9813.39831453096
0.939608991 9795.15245342519
0.953331351 9777.21272681953
0.967053771 9759.54408597216
0.980776131 9742.11613924783
0.994498551 9724.91429304098
1.00822091 9707.92568008729
1.02194333 9691.15440546564
1.03566563 9674.59461768218
1.04938805 9658.21943800535
1.06311047 9642.09548112572
1.07683289 9626.23734064887
1.09055519 9608.52897387934
1.10427761 9642.20765315855
1.119421065 7557.19464667419
1.13456452 5472.18164018983
1.15059936 4860.45326582101
1.16612196 4597.79788418914
1.18114924 4408.91872904515
1.1956979 4257.99299525873
1.20978367 4131.20676122358
1.22342205 4022.98157604891
1.23662806 3930.27947059843
1.24941611 3850.94467625457
1.26180029 3783.10328975388
1.27379405 3725.03652762239
1.28541064 3675.22716676224
1.29666269 3632.35341192551
1.30756259 3595.39928118461
1.31812239 3563.30005358269
1.32819474 3537.02873318005
1.33826709 3510.75741277741
1.34787416 3489.79666930492
1.35718524 3471.50465868172
1.36621046 3455.46424868839
1.37495971 3441.38097770191
1.38344264 3429.00422513712
1.39166856 3418.11636159284
1.3996464 3408.52868392042
1.40738499 3400.07848445846
1.41489279 3392.6261403411
1.42217791 3386.04721448325
1.42924857 3380.24412845766
1.43611228 3375.09712235956
1.44277668 3370.61322199629
1.44924903 3366.58850832788
1.455447435 3362.93317648106
1.46164584 3359.27784463423
1.46758378 3356.56967693196
1.47335696 3354.27689503413
1.47897172 3352.25810958619
1.48443401 3350.47710756969
1.48974991 3348.91519030018
1.49492526 3347.55336802409
1.49996579 3346.37295209385
1.50487697 3345.3558159265
1.50966418 3344.4870748473
1.51433265 3343.75007769284
1.51888752 3343.13898300615
1.52333367 3342.6125994824
1.52767622 3342.2495057584
1.53191972 3341.96294315021
1.536023975 3341.46445710008
1.54012823 3340.96597104995
1.54410231 3340.81699382347
1.54799533 3340.84999504429
1.5518117 3340.94025659504
1.55555546 3341.06441264784
1.5592308 3341.22215205978
1.56284177 3341.41435807522
1.5663923 3341.64015748668
1.56988633 3341.89809494834
1.57332754 3342.1864039715
1.57671976 3342.50247497058
1.5800668 3342.84804432367
1.58337235 3343.20587872902
1.58663976 3343.61716949146
1.58987296 3344.06059830411
1.59306163 3344.69506383712
1.5962503 3345.32952937013
1.59940147 3341.52302724123
1.60253227 3295.5087766652
1.60564613 3020.19096310469
1.60874641 2772.42332747495
1.61183655 3853.50122703417
1.61492002 4869.75701054456
1.61800003 9084.17693221324
1.62059247 12100.5642637332
1.62318504 14126.3631736716
1.62577748 16384.11821005
1.62837005 18260.7439738461
1.63096249 19710.4245730994
1.63355505 20861.0953427481
1.6361475 21892.0449499408
1.638740005 23018.2554716588
1.64133251 24144.4659933768
1.64392495 25572.8832877823
1.64651752 27151.2213746011
1.64910996 28761.7080503369
1.65170252 30372.3185810195
1.65429497 31974.8808486419
1.65688753 33536.1665984343
1.65947998 35052.5841373093
1.66207254 36504.64839226
1.66466498 37877.4592317898
1.66725755 39159.0449812752
1.66984999 40345.1267233009
1.67244256 41429.9719009102
1.675035 42410.9190379093
1.67762744 43290.8003376106
1.680219945 44026.544539696
1.68281245 44762.2887417815
1.68540502 45363.2715854261
1.68799746 45885.5057677237
1.69059002 46336.7218848735
1.69318247 46723.5660495253
1.69577503 47057.0309402322
1.69836748 47346.1183224808
1.70096004 47592.2676838292
1.70355248 47800.5687198612
1.70614505 47984.3371421468
1.70873749 48153.1353755993
1.71133006 48305.0145616279
1.7139225 48430.4961835325
1.71651495 48673.0794458059
1.71910751 50876.2248890033
1.721966265 33165.642129655
1.72482502 15455.0593703068
1.72794998 9732.85563335011
1.73107505 8525.47318910785
1.7342 8108.84828317003
1.73732495 7921.12120987892
1.74045002 7751.67621071203
1.74357498 7579.47310038946
1.74670005 7409.19966820385
1.749825 7243.07364035677
1.75294995 7083.81222776824
1.75607502 6933.15232042145
1.75919998 6793.83743586654
1.76232505 6662.52114191382
1.76545 6549.83452892255
