x Norm_pressure Norm_heat_flux
0.0186501406 35.305378 167291.530999371
0.018650163 35.2764511 167213.684050213
0.0186501648 35.3324699 167368.124343759
0.0186502337 35.3577957 167444.138560884
0.0186502356 35.2456055 167133.500518267
0.0186503455 35.3814163 167519.723200074
0.0186503567 35.2127533 167049.260084418
0.0186505001 35.4033775 167594.597229035
0.0186505336 35.1777878 166958.701442386
0.0186506975 35.4237213 167668.088177633
0.0186507665 35.140583 166858.757325416
0.0186509341 35.4424706 167739.241539757
0.0186510589 35.1010094 166745.203215917
0.0186512116 35.4596519 167806.955267338
0.0186514147 35.0589066 166612.31809933
0.0186515264 35.4752731 167870.163445033
0.0186518412 35.0141144 166453.09222729
0.0186518822 35.4893417 167927.875434003
0.0186522771 35.5018463 167979.324417562
0.0186523404 34.9664345 166261.186314191
0.0186527129 35.5127792 168023.931268446
0.0186529178 34.915657 166036.377541571
0.018653186 35.5221214 168061.414954361
0.0186535828 34.8615379 165793.321743569
0.0186537001 35.5298462 168091.625925979
0.0186542533 35.5359268 168114.602323397
0.018654339 34.8038216 165568.737796784
0.0186548494 35.540329 168130.474625894
0.0186550226 35.1412926 166770.983914156
0.0186551958 34.7422562 165411.493202418
0.0186554864 35.5430107 168139.41044916
0.0186561607 34.6771736 165329.439802029
0.0186561663 35.5439301 168141.579416258
0.0186568908 35.5430336 168137.054796323
0.0186572373 34.6078682 165206.126846117
0.0186576582 35.5402756 168125.912869548
0.0186584108 34.5357628 164870.47492195
0.0186584741 35.5355949 168108.059289377
0.0186593365 35.5289421 168083.381642893
0.0186595805 34.4625053 164243.252996321
0.018659913 34.99137685 166147.47312034
0.0186602455 35.5202484 168051.693244358
0.0186612066 35.5094566 168012.732131526
0.018662218 35.4965134 167966.312622345
0.0186632816 35.4813538 167912.189817244
0.0186643992 35.463932 167850.216174271
0.0186655689 35.4441986 167780.333479591
0.0186667945 35.4221191 167702.598943351
0.0186680723 35.3976631 167617.144048517
0.0186694041 35.3708267 167524.209679912
0.018670788 35.3416138 167424.135083664
0.0186722204 35.310051 167317.405040478
0.0186736993 35.2761993 167204.449128291
0.0186752193 35.2401352 167085.791271593
0.0186767783 35.201992 166961.879114683
0.0186783671 35.1619339 166833.032833637
0.0186799802 35.1202011 166699.419040458
0.0186816063 35.0771141 166560.906252181
0.018683238 35.033123 166417.197377524
0.0186848603 34.9888763 166269.300117997
0.0186864566 34.9452667 166118.673834157
0.0186880026 34.9038353 165954.287004772
0.0186894611 34.8659477 165741.274562698
0.0186907761 34.8361549 165547.08827327
0.0186918192 34.8161201 165529.72148118
0.0193734579 14.8889589 85305.097695881
0.0193734579 16.3581848 91777.8353006547
0.0193987321 14.4229603 83222.6759978489
0.0193987321 15.863987 89574.0542226293
0.0194241516 13.9671898 81139.0578048247
0.0194241516 15.381238 87387.7998239952
0.0194497108 13.5220232 79068.6383938623
0.0194497108 14.9094191 85230.4854284288
0.0194754098 13.087491 77019.3818187025
0.0194754098 14.44806 83104.3265740943
0.0195012428 12.6634655 74997.1444912486
0.0195012428 13.9967451 81010.4260116403
0.0195272081 12.2497644 73005.3707633712
0.0195272081 13.5550737 78948.6811642793
0.0195533 11.8462124 71045.771318792
0.0195533 13.1226807 76918.1945353063
0.0195795167 11.4526558 69119.1221077488
0.0195795167 12.6992989 74917.6761864913
0.0196058564 11.0689716 67225.7407971025
0.0196058564 12.2848024 72945.8314622766
0.0196323115 10.6950493 65365.7817538777
0.0196323115 11.8792343 71001.6649061289
0.019658884 10.3307829 63539.3336036157
0.019658884 11.4827881 69084.8305472204
0.0196855664 9.97606564 61746.4853733324
0.0196855664 11.0957651 67195.7445140838
0.0197123569 9.6307888 59987.3024030363
0.0197123569 10.718504 65335.5984840147
0.0197392516 9.29484463 58261.8406984488
0.0197392516 10.3513021 63506.1591464564
0.0197662469 8.9681282 56570.1844688895
0.0197662469 9.99435043 61709.4784386308
0.0197933391 8.65052605 54912.2776082682
0.0197933391 9.64767456 59947.3321835305
0.0198205281 8.34192753 53288.1995082081
0.0198205281 9.31114388 58221.1741210657
0.0198478047 8.04222965 51698.0905844875
0.0198478047 8.98449898 56531.8827782614
0.0198751707 7.75131512 50141.9179161806
0.0198751707 8.66738415 54879.4209183387
0.0199026205 7.46905565 48619.6955549019
0.0199026205 8.3594141 53263.1994775354
0.0199301504 7.19531202 47131.386163504
0.0199301504 8.06022644 51682.2464855885
0.0199577566 6.92993546 45676.9056330359
0.0199577566 7.76952314 50135.4586900063
0.0199854374 6.67276239 44256.0995964732
0.0199854374 7.48707914 48621.7987805174
0.0200131871 6.4236207 42868.8000366514
0.0200131871 7.21274376 47140.5607638515
0.0200410057 6.18231344 41514.7917631283
0.0200410057 6.94639874 45691.2868584753
0.0200688876 5.94868374 40194.2570454203
0.0200688876 6.68800449 44274.2806796351
0.0200968292 5.72256613 38906.1771414612
0.0200968292 6.43751764 42889.0047530684
0.0201248303 5.50471592 37653.7838222647
0.0201248303 6.19577408 41538.7541824237
0.0201528836 5.29686356 36417.4472831927
0.0201528836 5.96463346 40206.4602705803
0.0201809853 5.11341095 35129.6384750288
0.0201809853 5.436419965 36969.3179769883
0.0201809853 5.75942898 38808.9974789478
0.0202114256 5.62742019 37533.5834997473
0.0202418659 5.4954114 36258.1695205468
0.0202760268 5.41901398 35383.7869187859
0.0203116387 5.35939264 34676.1531224727
0.0203487631 5.30923939 34074.4319668439
0.0203874651 5.26553249 33546.3998875813
0.0204278119 5.22646904 33072.3616396695
0.0204698704 5.1907711 32639.2143935014
0.0205137152 5.15745163 32237.5636409593
0.0205594227 5.12575865 31860.9971284095
0.0206070691 5.09510851 31504.4975260839
0.0206567384 5.06509447 31164.0359349402
0.0207085144 5.03540039 30835.4761618211
0.0207624882 5.00567818 30514.8759258521
0.0208187513 4.97574854 30203.3777236777
0.0208774004 4.94516659 29900.8135381332
0.0209385343 4.9133215 29604.4771285951
0.021002261 4.87996626 29311.1997555785
0.0210686885 4.84520054 29015.4616437208
0.0211379286 4.8096509 28715.6198581569
0.0212101042 4.77408409 28415.6286236338
0.0212853327 4.73867273 28120.5914866126
0.0213637482 4.70286465 27831.9131067206
0.0214454811 4.66589403 27546.5250127806
0.0215306729 4.62737417 27260.0105815532
0.0216194671 4.58744621 26970.2595616157
0.0217120145 4.54639387 26677.4285281034
0.0218084734 4.50433636 26383.3753052176
0.0219090097 4.46119595 26089.2005358646
0.022013789 4.41703892 25798.4422158901
0.0221229922 4.37126827 25492.6227730616
0.0222368054 4.32583523 25192.4000883706
0.0223579174 4.278644565 24920.6700133717
0.0224790294 4.2314539 24648.9399383729
0.0226078518 4.18053102 24356.9454777789
0.0227421001 4.12924528 24055.199196579
0.0228819996 4.07760191 23746.8068027292
0.0230277851 4.02575207 23435.8344320508
0.0231797025 3.97389293 23125.916032844
0.0233380031 3.92201996 22819.2669425358
0.0235029534 3.86989427 22516.4971015733
0.0236748271 3.81711531 22215.3607608203
0.0238539111 3.76350951 21914.1963168379
0.0240405016 3.70935392 21613.2702484621
0.0242349096 3.65509605 21311.292617463
0.0244374536 3.60134912 21009.5229503615
0.0246484708 3.54864597 20713.2005924381
0.0248683058 3.49674249 20426.7539100673
0.0250973199 3.44436145 20149.4164880357
0.0253358893 3.39009881 19873.883092595
0.0255844016 3.33431435 19591.1882917195
0.0258432645 3.27943134 19296.834665385
0.0261128936 3.229002 19003.9510386862
0.0263937302 3.1844697 18738.393888212
0.0266862232 3.14232469 18504.4500605032
0.0269908458 3.09751844 18286.2079085415
0.0273080822 3.04786658 18065.1719944702
0.0276384428 2.99545765 17827.9741139016
0.027982451 2.94454956 17570.135615754
0.0283406526 2.89884496 17307.4644662031
0.0287136119 2.85923362 17070.1754508762
0.0291019138 2.82299876 16868.3604394551
0.0295061674 2.78666902 16681.679117441
0.0299269985 2.75006628 16526.8847232044
0.03037401475 2.713242175 16383.5941851901
0.030821031 2.67641807 16240.3036471758
0.031295605 2.64163256 16054.4192524529
0.0317895077 2.6101892 15872.0716491515
0.0323034823 2.58152604 15708.194893381
0.0328383073 2.55466866 15565.7275792511
0.0333947837 2.52878094 15439.5238047193
0.0339737311 2.50358057 15320.4253295322
0.03457601 2.47933197 15200.8162788878
0.0352025032 2.45656466 15079.4206658023
0.0358541161 2.43580484 14961.6659264558
0.0365317874 2.41737103 14854.9880749819
0.0372364931 2.40128303 14763.6869054807
0.0379692279 2.38722754 14686.7634485154
0.0387310162 2.37467217 14618.8359356534
0.0395229235 2.36332059 14555.9747324736
0.0403460413 2.35334325 14497.2124856723
0.0412014835 2.34518194 14444.4653336518
0.0420904085 2.33917618 14401.6628104648
0.0430139974 2.33525038 14369.8028818613
0.0439734645 2.33305836 14346.9995200418
0.0449700616 2.33232284 14331.0572605772
0.0460050628 2.33298779 14321.1149402234
0.0470797792 2.33515811 14317.6422843861
0.0481955446 2.33896852 14321.6383628712
0.0493537337 2.34449577 14334.0729378305
0.0505557396 2.35173965 14355.6202860326
0.0518029928 2.36064601 14386.8153725231
0.0530969501 2.37113929 14427.4200224328
0.0544390865 2.3831687 14480.1461973999
0.0558309145 2.39659071 14536.5235840796
0.0572739579 2.4119916 14625.5112555881
0.05879694785 2.42882228 14735.6383769976
0.0603199378 2.44565296 14845.765498407
0.0619260333 2.46376586 14943.2010006767
0.0635896698 2.48306894 15053.5594718855
0.0653124675 2.50323343 15179.9758272741
0.0670960546 2.52411795 15322.6161770022
0.0689420775 2.54561639 15481.828499271
0.0708521679 2.56764412 15658.4167471792
0.0728279725 2.59010959 15852.5013631385
0.0748711303 2.61290884 16063.6756532718
0.076983273 2.6359334 16290.9639336751
0.0791660175 2.65907669 16532.7164444134
0.0814209655 2.68223071 16786.6195871252
0.0837496966 2.70528197 17049.7452060432
0.086153768 2.72811294 17318.6921078278
0.0886346921 2.75060439 17589.7760594719
0.0911939517 2.77263713 17859.2463839043
0.0938329771 2.7940917 18123.4762590009
0.0965531468 2.81485128 18379.1297310617
0.099355787 2.83481145 18623.3604447906
0.102242149 2.85388851 18853.8981610947
0.105213411 2.87202406 19069.0896071351
0.108270667 2.88917994 19267.8280175163
0.111414939 2.90533829 19449.5890662724
0.11464712 2.92049241 19614.1353814837
0.11796803 2.93466043 19761.6842613346
0.121378347 2.94787002 19892.3397881426
0.124878652 2.96016002 20007.4573405149
0.128469378 2.97156954 20106.0787990658
0.132150814 2.98218608 20194.0814523834
0.135923132 2.99184394 20258.1613320328
0.139786303 3.00260425 20348.2600847899
0.14378538 3.010447505 20410.2519446784
0.147784457 3.01829076 20472.2438045669
0.151918575 3.02423644 20473.6179521164
0.156141862 3.03038764 20473.6225690756
0.160453424 3.03610015 20469.7784487667
0.164852217 3.04117942 20459.7835352264
0.16933693 3.04555464 20443.2102578928
0.173906118 3.04913425 20419.5983260157
0.178558066 3.05184007 20388.4943742834
0.183290899 3.05369878 20350.1763235611
0.188102499 3.05484509 20305.7170146315
0.192990586 3.05542016 20256.2590445077
0.197952598 3.05552363 20202.5947235216
0.202985853 3.05528235 20145.6493505018
0.20808737 3.05486274 20086.7036297598
0.213254049 3.05436945 20026.7227064887
0.218482539 3.05380225 19965.8934671642
0.223769337 3.05313897 19904.1293939869
0.229110733 3.05240178 19841.6479858789
0.234502852 3.05163288 19778.9000989349
0.239941671 3.05086136 19716.2644241712
0.245422989 3.0500958 19653.927948432
0.250942498 3.04933071 19591.9442685907
0.256495684 3.04856586 19530.3847467761
0.262078047 3.04781747 19469.431552136
0.267684907 3.04709744 19409.2356391599
0.273311466 3.04639578 19349.7980115346
0.278952956 3.04571199 19291.3558404425
0.28460446 3.04504561 19233.3355188976
0.29026112 3.04445267 19177.9652315176
0.295917958 3.04370713 19118.6070958841
0.301570088 3.04495621 19081.3558638239
0.3072053345 3.044810175 19047.1116773109
0.312840581 3.04466414 19012.8674907979
0.318449229 3.04259586 18950.776316104
0.324033797 3.04141641 18889.8862533614
0.329589576 3.04074287 18832.9573408045
0.335112035 3.04025149 18779.1609346402
0.340596676 3.03983307 18727.7224897923
0.346039146 3.03943014 18678.1383562421
0.351435304 3.03900146 18630.0719978176
0.356781036 3.03855991 18583.5082588485
0.362072468 3.03816652 18538.6715636954
0.367305905 3.03785849 18495.6762322808
0.372477829 3.03760147 18454.2747554486
0.377584845 3.03731847 18414.0124630944
0.382623851 3.03696537 18374.6206682712
0.387591869 3.03657889 18336.2372775405
0.392486155 3.03624678 18299.2594497551
0.397304147 3.03603411 18263.9689197898
0.402043581 3.03592706 18230.2545795199
0.40670228 3.03584194 18197.6596510986
0.411278367 3.03568316 18165.6839974111
0.415770113 3.03540826 18134.0962686583
0.420176059 3.03505325 18103.0634783176
0.424494863 3.03470993 18073.018115016
0.428725481 3.03447032 18044.384136043
0.432866991 3.0343821 18017.3755274167
0.436918706 3.03442192 17991.815841004
0.44088006 3.03452277 17967.4291633132
0.444750726 3.03458261 17943.437536733
0.448530555 3.03456211 17920.5336054997
0.452219486 3.03421259 17896.4087896858
0.455817699 3.03535914 17885.1473238171
0.4592868835 3.036655185 17873.7789151236
0.462756068 3.03795123 17862.4105064301
0.466186643 3.03702831 17851.2285325531
0.469617248 3.0354917 17829.5339435026
0.473047853 3.03425336 17805.1134415678
0.476478428 3.03356504 17781.3063929836
0.479909033 3.03334165 17759.0744300393
0.483339638 3.03339648 17738.2293614665
0.486770242 3.03354502 17718.1519125312
0.490200818 3.03364873 17698.2065487743
0.493631423 3.03362966 17677.9703165929
0.497062027 3.03346491 17657.2818231553
0.500492632 3.03317118 17636.2018918795
0.503923237 3.03279042 17614.9244350484
0.507353783 3.03237653 17593.7054931557
0.510784388 3.03198481 17572.8044188614
0.514214993 3.03166318 17552.4407184609
0.517645597 3.03144646 17532.7606291158
0.521076202 3.03135204 17513.8317993142
0.524506807 3.0313797 17495.6309435229
0.527937412 3.03151226 17478.0645181357
0.531368017 3.03171992 17460.9829738244
0.534798563 3.03196478 17444.2018329619
0.538229167 3.03220677 17427.5397293496
0.541659772 3.03240895 17410.8251329196
0.545090377 3.03254247 17393.9411141636
0.548520982 3.03258562 17376.7754609015
0.551951587 3.03253484 17359.3854836475
0.555382192 3.03237891 17341.5363196986
0.558812737 3.03218961 17323.9441999302
0.562243342 3.03174853 17304.6122895238
0.565673947 3.03251243 17292.0070878145
0.569104552 3.034169675 17289.7847245801
0.572535157 3.03582692 17287.5623613457
0.575965762 3.0355196 17277.6854813689
0.579396367 3.03418994 17260.7617166171
0.582826912 3.03266239 17240.1176865032
0.586257517 3.03142953 17218.7012190552
0.589688122 3.03066826 17198.2335367058
0.593118727 3.03037691 17179.4204319881
0.596549332 3.03045034 17162.2209544821
0.599979937 3.03072214 17146.0811694621
0.603410542 3.03100562 17130.1973245672
0.606841087 3.03114629 17113.842650211
0.610271692 3.03106523 17096.6244037624
0.613702297 3.03077865 17078.6174602541
0.617132902 3.03038573 17060.3055967067
0.620563507 3.0300281 17042.3746322865
0.623994112 3.02983093 17025.4309945368
0.627424717 3.02985215 17009.7446751972
0.630855262 3.03005767 16995.1356128621
0.634285867 3.03033447 16981.0394344638
0.637716472 3.03053617 16966.7400094957
0.641147077 3.03054237 16951.6507834124
0.644577682 3.03030634 16935.5402056774
0.648008287 3.02987313 16918.6269796366
0.651438892 3.02936172 16901.4730695096
0.654869437 3.02892113 16884.7922973236
0.658300042 3.02867389 16869.1385978038
0.661730647 3.02868009 16854.8345558766
0.665161252 3.0288918 16841.5025845809
0.668591857 3.02926803 16829.163761339
0.672022462 3.02943945 16815.606361996
0.675453067 3.03044224 16806.1185110092
0.678883642 3.032229185 16804.4488278918
0.682314217 3.03401613 16802.7791447743
0.685744822 3.03410864 16795.76026286
0.689175427 3.03307796 16782.7847007346
0.692606032 3.03162074 16766.1436745444
0.696036637 3.03032398 16748.528269243
0.699467242 3.02945542 16731.5764012618
0.702897787 3.02905202 16715.9344448772
0.706328392 3.02901506 16701.5473980545
0.709758997 3.02917719 16687.9373051563
0.713189602 3.02935743 16674.4534760532
0.716620207 3.02941012 16660.5221030217
0.720050812 3.0292604 16645.8300357912
0.723481417 3.02891278 16630.4019650562
0.726911962 3.02843785 16614.5542528848
0.730342567 3.02794337 16598.7709774037
0.733773172 3.02754045 16583.5601044845
0.737203777 3.02731562 16569.3109642233
0.740634382 3.02730989 16556.2045213437
0.744064987 3.02751184 16544.1741310446
0.747495592 3.02786231 16532.9407684053
0.750926197 3.02827048 16522.0741529098
0.754356742 3.0286355 16511.1024514101
0.757787347 3.02886796 16499.6120445903
0.761217952 3.02891016 16487.3351488217
0.764648557 3.02874589 16474.2042159851
0.768079162 3.02839923 16460.3184103327
0.771509767 3.02793741 16446.030628131
0.774940372 3.02742457 16431.5371905113
0.778370917 3.02701235 16417.6782836642
0.781801522 3.02656984 16403.6932133908
0.785232127 3.02705097 16393.7496886128
0.788662732 3.029091835 16393.9197131507
0.792093337 3.0311327 16394.0897376887
0.795523942 3.03235102 16393.14095259
0.798954546 3.0325954 16387.8198068382
0.802385092 3.03215599 16378.4769885889
0.805815697 3.03141427 16366.5074217077
0.809246302 3.03058314 16352.9453050369
0.812676907 3.02974772 16338.4284815156
0.816107512 3.02894235 16323.4034913852
0.819538116 3.02818966 16308.2346729415
0.822968721 3.02751112 16293.2306598645
0.826399267 3.02692533 16278.6333406646
0.829829872 3.02644968 16264.6178586822
0.833260477 3.0261023 16251.3103773437
0.836691082 3.02589846 16238.794001913
0.840121686 3.0258472 16227.1037610585
0.843552291 3.02594495 16216.2068342227
0.846982896 3.02617192 16206.0039567847
0.850413442 3.02649331 16196.3257064187
0.853844047 3.02686286 16186.9524764604
0.857274652 3.02722812 16177.6434824551
0.860705256 3.0275383 16168.1673746034
0.864135861 3.02775025 16158.3278317743
0.867566466 3.02783513 16147.9929695267
0.870997071 3.02777958 16137.1018640742
0.874427617 3.02758932 16125.6873359739
0.877858222 3.02728343 16113.8217510415
0.881288826 3.02690339 16101.7237122544
0.884719431 3.02646828 16089.4012491067
0.888150036 3.02609563 16077.4796584528
0.891580641 3.0256083 16065.1443481146
0.895011246 3.02578807 16055.4111960825
0.898441821 3.02748132 16054.5658409049
0.901872396 3.02917457 16053.7204857273
0.905303001 3.03033304 16052.918941477
0.908733606 3.03067994 16048.9614045638
0.912164211 3.03040218 16041.8666439301
0.915594816 3.02984023 16032.7153291155
0.919025421 3.02923584 16022.4587544356
0.922455966 3.02869725 16011.6564752618
0.925886571 3.02825236 16000.5982559629
0.929317176 3.02789474 15989.4349506598
0.932747781 3.0276041 15978.2436424959
0.936178386 3.02735257 15967.0487210597
0.939608991 3.02710962 15955.8340269942
0.943039596 3.02684927 15944.5655353182
0.946470201 3.02655625 15933.2257818818
0.949900746 3.02622962 15921.833435259
0.953331351 3.02588224 15910.4481144435
0.956761956 3.02553487 15899.1608538249
0.960192561 3.02521205 15888.0735276099
0.963623166 3.02493739 15877.280582723
0.967053771 3.02472973 15866.8604071004
0.970484376 3.02460217 15856.8654935601
0.973914921 3.02456045 15847.3170198927
0.977345526 3.02460432 15838.2124768814
0.980776131 3.02472711 15829.516835858
0.984206736 3.02491784 15821.1870386603
0.987637341 3.02515793 15813.1259284095
0.991067946 3.02543569 15805.3102195728
0.994498551 3.02570605 15797.4804591213
0.997929096 3.02601957 15789.912460178
1.0013597 3.02615976 15781.7508808821
1.00479031 3.02671242 15774.9200898675
1.008220915 3.02846837 15774.8447129915
1.01165152 3.03022432 15774.7693361155
1.01508212 3.03140259 15774.307840941
1.01851273 3.03172374 15770.7394333865
1.02194333 3.03128767 15763.8491237467
1.02537394 3.0303843 15754.4817151717
1.02880454 3.029284 15743.6104827171
1.03223503 3.02815819 15731.9482447233
1.03566563 3.02710032 15719.9716520347
1.03909624 3.02616215 15708.0149323441
1.04252684 3.02537632 15696.3351298318
1.04595745 3.02476072 15685.1262571496
1.04938805 3.0243175 15674.5027345885
1.05281866 3.0240345 15664.501999665
1.05624926 3.02388906 15655.0925366145
1.05967987 3.02385426 15646.2029833081
1.06311047 3.02390599 15637.7539481228
1.06654108 3.02402329 15629.6648350113
1.06997168 3.02418971 15621.8654862688
1.07340229 3.02439213 15614.2962829014
1.07683289 3.02461863 15606.8977062841
1.0802635 3.02485704 15599.614754382
1.08369398 3.02509594 15592.3914214737
1.08712459 3.02532291 15585.1704974137
1.09055519 3.02552605 15577.8968797985
1.0939858 3.02569604 15570.5356403288
1.0974164 3.02581739 15563.0015659982
1.10084701 3.02590752 15555.4160025365
1.10427761 3.02588487 15547.2403716259
1.10770822 3.02597332 15539.5999064983
1.11113882 3.02549171 15535.4016854988
1.11456943 3.02192092 15672.5409284382
1.11838061 2.39137268 12715.8692859249
1.12219179 1.76082444 9759.19764341158
1.12634969 1.63424516 8841.09242876955
1.13047385 1.5669899 8506.91535204502
1.13456452 1.51525474 8249.75459338533
1.13862228 1.47324908 8033.02086218858
1.14264703 1.43765652 7843.56858182821
1.14663935 1.40674031 7675.90020860353
1.15059936 1.3794564 7525.91800059715
1.15452731 1.35505748 7390.52324554977
1.15842354 1.33298075 7267.32764069415
1.16228831 1.31281555 7154.39624857471
1.16612196 1.29427075 7050.27317135487
1.1699245 1.27713788 6953.89982060392
1.1736964 1.26125956 6864.46526760029
1.1774379 1.24650884 6781.30001312446
1.18114924 1.23277903 6703.83034982172
1.18483067 1.21997881 6631.55500641118
1.1884824 1.20802975 6564.04107271747
1.1921047 1.19686353 6500.90589316156
1.1956979 1.18642032 6441.81353378329
1.19926202 1.17664731 6386.46428367786
1.20279765 1.16749847 6334.5958293093
1.20630467 1.158934 6285.98149805868
1.20978367 1.15091825 6240.41388809294
1.21323454 1.1434226 6197.73409572349
1.21665788 1.13641214 6157.72302616645
1.22005355 1.12987685 6120.37659441671
1.22342205 1.12374401 6085.19237495357
1.22676349 1.1180985 6052.85273426089
1.23007822 1.11263502 6021.32048931236
1.23336637 1.10758257 5991.68638666263
1.23661506 1.10357559 5968.18865928402
1.23986375 1.09956861 5944.69093190542
1.24307346 1.09596443 5924.42950718624
1.24625754 1.09241199 5904.66175583915
1.24941611 1.08893657 5885.3257403539
1.25254953 1.08559072 5866.58797236475
1.25565791 1.08242083 5848.59917551317
1.25874138 1.07945251 5831.50949130228
1.26180029 1.07669175 5815.40890025054
1.26483476 1.07413113 5800.30850313356
1.26784515 1.07175648 5786.17382331099
1.27083147 1.06955159 5772.94818259121
1.27379405 1.06750047 5760.56500643113
1.27673304 1.06558859 5748.95884441682
1.27964866 1.06380332 5738.0671768997
1.28254116 1.06213355 5727.83393793709
1.28541064 1.06056929 5718.20769861918
1.28825736 1.05910218 5709.14348374203
1.29108143 1.05772471 5700.59922879335
1.2938832 1.05642986 5692.5392928561
1.29666269 1.05521178 5684.9292093268
1.29942024 1.05406511 5677.73859660707
1.30215597 1.05298471 5670.93942172558
1.30487001 1.05196631 5664.50712446719
1.30756259 1.05100548 5658.41719480111
1.31023395 1.05009937 5652.65149610751
1.31288421 1.04924262 5647.17090467629
1.31551361 1.04843712 5642.01514642959
1.31812239 1.04766619 5637.0661878039
1.32071042 1.04696155 5632.48763977873
1.32327819 1.04624474 5627.66722331699
1.32582581 1.04560864 5623.36909533701
1.32834345 1.04532069 5621.04301111232
1.33086109 1.04503274 5618.71692688764
1.33334923 1.04483616 5617.59639090978
1.33581781 1.04455161 5616.19074766954
1.33826709 1.0441674 5614.37790870886
1.34069717 1.04370511 5612.19700777469
1.3431083 1.04319942 5609.65797132914
1.34550059 1.04268169 5606.887002946
1.34787416 1.04217613 5604.04418062737
1.35022926 1.04169822 5601.23523273706
1.352566 1.04125595 5598.52210682217
1.35488462 1.04085112 5595.93984158766
1.35718524 1.04048264 5593.50772789315
1.35946798 1.04014778 5591.22808425507
1.36173296 1.03984344 5589.0962636037
1.36398041 1.03956652 5587.10406581816
1.36621046 1.03931427 5585.24039012285
1.36842322 1.03908408 5583.49648436917
1.37061894 1.03887403 5581.86358637166
1.37279773 1.03868246 5580.33408818466
1.37495971 1.0385077 5578.89981979789
1.37710512 1.03834867 5577.55669620622
1.37923396 1.03820419 5576.29710946398
1.38134646 1.0380733 5575.11873101787
1.38344264 1.03795493 5574.01571941093
1.38552296 1.03784895 5572.98515391466
1.38758719 1.03775322 5572.00950012129
1.38963568 1.03767014 5571.13141471832
1.39166856 1.03759074 5570.28604950387
1.39368594 1.03753519 5569.5318090108
1.39568794 1.03746533 5568.58829326763
1.3976748 1.03742278 5567.88547164751
1.39963901 1.03762269 5568.38293895557
1.40160322 1.0378226 5568.88040626364
1.40354514 1.03812349 5570.43502673036
1.4054724 1.03836215 5571.86052289481
1.40738499 1.03851533 5573.02312338497
1.40928328 1.03858614 5573.89011804919
1.41116726 1.03859067 5574.36391842334
1.41303706 1.03854573 5574.47083113752
1.41489279 1.03846848 5574.31659459239
1.41673458 1.03837466 5573.98767640272
1.41856265 1.03827727 5573.55126336056
1.42037714 1.03818488 5573.06285934399
1.42217791 1.03810239 5572.56334451492
1.42396545 1.03803229 5572.08018978013
1.42573953 1.03797507 5571.62975523386
1.42750061 1.03793049 5571.22080306158
1.42924857 1.03789723 5570.85682609323
1.43098354 1.0378741 5570.53784440254
1.43270576 1.0378598 5570.26092722415
1.43441534 1.03785288 5570.02372593105
1.43611228 1.03785217 5569.82100127831
1.43779671 1.03785682 5569.64982250059
1.43946886 1.03786576 5569.50669676794
1.44112885 1.03787839 5569.38926541647
1.44277668 1.03789389 5569.29403561624
1.44441247 1.03791237 5569.21808663875
1.44603634 1.03793204 5569.14856125656
1.44764853 1.03795516 5569.12461329036
1.44924903 1.03797483 5569.09539596863
1.45083785 1.03800654 5569.09481383031
1.45241535 1.03802443 5568.92773009459
1.45398152 1.03804803 5568.89442776774
1.455530825 1.03825909 5569.66443116145
1.45708013 1.03847015 5570.43443455517
1.45861292 1.03879809 5572.14855088567
1.46013474 1.03909206 5573.889525874
1.46164584 1.0393275 5575.53411682232
1.46314609 1.03949904 5577.02621764047
1.46463585 1.0396117 5578.23322123311
1.466115 1.03967237 5579.12592031537
1.46758378 1.03968954 5579.74694146417
1.4690423 1.03967297 5580.13662285057
1.47049057 1.03963256 5580.33700891314
1.47192883 1.03957713 5580.39601565804
1.47335696 1.03951395 5580.35453328405
1.47477531 1.03944862 5580.24703843155
1.47618377 1.03938532 5580.09981765691
1.47758257 1.03932631 5579.93331605951
1.47897172 1.03927314 5579.76213728179
1.48035133 1.03922629 5579.59738209936
1.48172152 1.03918588 5579.44490200606
1.48308241 1.03915155 5579.30878200703
1.48443401 1.03912318 5579.19193279389
1.48577642 1.03909981 5579.09320012684
1.4871099 1.0390811 5579.01316614422
1.48843431 1.03906643 5578.95123867084
1.48974991 1.03905523 5578.90507911653
1.49105668 1.03904724 5578.87236896487
1.49235487 1.03904104 5578.8419873665
1.49364436 1.0390383 5578.84899310012
1.49492526 1.03903377 5578.85191382861
1.49619782 1.0390389 5578.87353324152
1.49746203 1.03903496 5578.76253552221
1.49871802 1.03903031 5578.73974179578
1.49996179 1.039177475 5579.27635288767
1.50120556 1.03932464 5579.81296397955
1.50243723 1.03959596 5581.16894479867
1.50366104 1.03985465 5582.65520415985
1.50487697 1.04007971 5584.17242725773
1.50608516 1.0402627 5585.6528551988
1.50728571 1.04040349 5586.96618936729
1.50847876 1.04050326 5588.06628024575
1.50966418 1.04056501 5588.9642286098
1.5108422 1.0405935 5589.66645805473
1.51201296 1.0405941 5590.18233297805
1.51317632 1.04057205 5590.5346169956
1.51433265 1.04053271 5590.75136315244
1.51548183 1.04048145 5590.85885800494
1.51662397 1.04042256 5590.88339814633
1.5177592 1.04035997 5590.84659295267
1.51888752 1.04029667 5590.76538465654
1.52000904 1.0402348 5590.65555121388
1.52112389 1.04017591 5590.52760122511
1.52223206 1.04012096 5590.39206336441
1.52333367 1.04007065 5590.25594336538
1.52442884 1.04002523 5590.12390837148
1.52551758 1.0399847 5590.00063556304
1.5266 1.03994894 5589.88846353021
1.52767622 1.03991771 5589.78973086317
1.52874613 1.03989124 5589.70326324839
1.52981007 1.03986824 5589.62089067561
1.53086782 1.03985 5589.57648757314
1.53191972 1.03983212 5589.53501523602
1.53296566 1.03982377 5589.51047509462
1.53400576 1.03981078 5589.38778442451
1.53504014 1.03979647 5589.33521131177
1.536066055 1.039907575 5589.67727277962
1.53709197 1.04001868 5590.01933424746
1.53810954 1.04024911 5591.07034484313
1.53912163 1.04048026 5592.29254425338
1.54012823 1.040694 5593.61697919749
1.54112959 1.04088211 5594.98172220207
1.5421257 1.04104233 5596.26467477219
1.54311657 1.04117322 5597.41675662506
1.54410231 1.04127467 5598.4368135209
1.54508305 1.04134858 5599.31898392901
1.54605865 1.04139721 5600.05627215263
1.5470295 1.04142332 5600.65159892025
1.54799533 1.04143 5601.11371638046
1.54895651 1.0414201 5601.45665607422
1.54991281 1.04139698 5601.69560378229
1.55086458 1.0413636 5601.8492581891
1.5518117 1.04132295 5601.93279503853
1.55275428 1.04127753 5601.96083804674
1.55369246 1.04122961 5601.94565226599
1.55462611 1.04118085 5601.89716415838
1.55555546 1.04113293 5601.82530018603
1.55648065 1.04108667 5601.73708615628
1.55740154 1.04104304 5601.63835348924
1.55831826 1.04100239 5601.53610791851
1.5592308 1.04096508 5601.43387238466
1.56013954 1.04093182 5601.33338326578
1.5610441 1.04090166 5601.22939128009
1.56194496 1.04087591 5601.15695520628
1.56284177 1.04085147 5601.08801196241
1.56373501 1.04083574 5601.02958735584
1.56462443 1.04081738 5600.88528730967
1.56551015 1.04080164 5600.79999400841
1.56639057 1.04089397 5601.02316376054
1.56727099 1.0409863 5601.24633351267
1.56814611 1.04118454 5602.10105308777
1.56901789 1.04139221 5603.12519498874
1.56988633 1.04159212 5604.27670474015
1.57075143 1.04177701 5605.51115916581
1.57161331 1.04194379 5606.71699848179
1.57247198 1.04208982 5607.84513236846
1.57332754 1.0422138 5608.89089368235
1.57418001 1.04231596 5609.84434592448
1.57502961 1.04239726 5610.69321400573
1.57587612 1.04245865 5611.43167654287
1.57671976 1.04250193 5612.05971346215
1.57756066 1.04252887 5612.57909125228
1.5783987 1.04254127 5612.99856206186
1.57923412 1.04254138 5613.32630593801
1.5800668 1.04253113 5613.57519014505
1.58089697 1.04251289 5613.75629538488
1.58172452 1.04248857 5613.88190678348
1.58254969 1.04245996 5613.9619407661
1.58337235 1.04242897 5614.00516955505
1.58419263 1.0423969 5614.01978323435
1.58501053 1.04236495 5614.01218532554
1.58582628 1.0423342 5613.9899837743
1.58663976 1.04230523 5613.95726358577
1.58745122 1.04227901 5613.9169555253
1.58826041 1.04225516 5613.86554668921
1.5890677 1.04223502 5613.83925009598
1.58987296 1.04221618 5613.8158842681
1.59067631 1.04220581 5613.79485703037
1.59147775 1.04219341 5613.67684354058
1.59227741 1.04219103 5613.60790029671
1.59307444 1.04228884 5613.84304905038
1.59387147 1.04238665 5614.07819780405
1.594666 1.0425725 5614.91071582791
1.59545887 1.04277384 5615.88169244096
1.5962503 1.04297364 5616.98120118109
1.59704018 1.04316413 5618.18119904011
1.59782863 1.04334211 5619.38060472394
1.59861577 1.04350471 5620.53152230016
1.59940147 1.04364991 5621.62694603516
1.60018599 1.04377711 5622.65575507959
1.6009692 1.0438863 5623.6051223166
1.60175133 1.04397786 5624.46568334866
1.60253227 1.04405272 5625.23393530897
1.60331213 1.04411185 5625.90520101721
1.60409105 1.04415679 5626.48474982888
1.60486901 1.04418957 5626.96381955855
1.60564613 1.04421079 5627.333627947
1.60642231 1.04422033 5627.68883269304
1.60719776 1.04422307 5628.04871461939
1.60797238 1.04422438 5628.20821048317
1.60874641 1.04421639 5628.24617995348
1.60951972 1.0441817 5628.71414890752
1.61029255 1.04414999 5630.1197821109
1.61106479 1.04424059 5629.07577724885
1.61183655 1.04454613 5621.66023832515
1.61260796 1.0453459 5613.33040098
1.61337888 1.05002344 5576.79604215472
1.61414957 1.07484281 5323.22006118074
1.61492002 1.2023654 4469.54525375388
1.61569011 1.4965167 4260.33952458281
1.6164602 1.91142631 5905.03390281777
1.61723018 2.13097882 7674.4495801225
1.617939175 3.27164042 14701.9316245996
1.61864817 4.41230202 21729.4136690766
1.61929619 5.66034985 25153.8017079349
1.61994433 6.8611207 27502.044626429
1.62059247 7.84860182 28862.1335354787
1.62124062 8.65964508 29581.1129066115
1.62188876 9.34818649 29915.8140383065
1.6225369 9.95323086 30059.6333185084
1.62318504 10.5140343 30204.3242002968
1.62383318 11.0448236 30396.9400210446
1.6244812 11.5609131 30703.1241032746
1.62512934 12.0676126 31156.878042409
1.62577748 12.5699186 31769.5873600004
1.62642562 13.0705433 32505.4110038932
1.62707376 13.5708551 33313.430639721
1.62772191 14.0714483 34158.9783244186
1.62837005 14.572587 35025.8688059557
1.62901807 15.0743876 35907.671061756
1.62966621 15.576869 36801.4801212165
1.63031435 16.0799389 37705.3964067663
1.63096249 16.5833836 38617.7931428972
1.63161063 17.0868931 39537.2263254608
1.63225877 17.5900631 40462.368478342
1.63290691 18.092392 41391.9787435937
1.63355505 18.5932865 42324.7952862152
1.63420308 19.0920525 43259.5467361817
1.63485122 19.5879078 44194.9244866894
1.63549936 20.0799961 45129.8162520657
1.6361475 20.5672379 46062.5906398431
1.63679564 21.0488815 46991.943961283
1.63744378 21.5241241 47914.0013832615
1.63809192 21.9957314 48833.5070320095
1.63874 22.45736125 49748.2500365059
1.63938808 22.9189911 50662.9930410023
1.64003623 23.3627377 51560.4804117181
1.64068437 23.7930508 52446.4235780036
1.64133251 24.2080307 53318.5697649154
1.64198065 24.6054211 54172.9790000586
1.64262879 24.9831047 55006.0289778994
1.64327693 25.3392963 55814.6958913217
1.64392495 25.6727295 56596.6614246365
1.64457309 25.9827003 57350.4300845642
1.64522123 26.2686939 58074.9969799161
1.64586937 26.5298691 58768.9084711509
1.64651752 26.7649326 59429.7997718822
1.64716566 26.972641 60054.913252724
1.6478138 27.1525993 60642.3421095606
1.64846182 27.3057308 61191.9319753677
1.64910996 27.434063 61705.1364896867
1.6497581 27.5401382 62184.1148838543
1.65040624 27.6264629 62630.9610491992
1.65105438 27.6953068 63047.4369578368
1.65170252 27.7487488 63435.1784184562
1.65235066 27.7887707 63795.9476039103
1.65299881 27.8172722 64131.6232150851
1.65364683 27.8359795 64444.0887705634
1.65429497 27.8463612 64735.0269512062
1.65494311 27.849575 65005.8445243829
1.65559125 27.8465176 65257.6958302416
1.65623939 27.8379173 65491.6560180447
1.65688753 27.8243427 65708.5941801617
1.65753567 27.8063869 65910.5529195275
1.65818369 27.78372 66095.041085592
1.65883183 27.7601929 66266.9427185211
1.659479975 27.73933125 66429.2046928402
1.66012812 27.7184696 66591.4666671593
1.66077626 27.6968937 66740.3967203671
1.6614244 27.6743984 66881.3251819492
1.66207254 27.6513023 67014.9953823238
1.66272068 27.6280537 67141.8698203518
1.6633687 27.6052551 67262.6169514187
1.66401684 27.5836964 67378.4098846149
1.66466498 27.5641441 67490.5618437035
1.66531312 27.5469551 67599.8535966187
1.66596127 27.5317745 67706.0605182625
1.66660941 27.5174675 67807.8180964784
1.66725755 27.5023441 67902.9108934706
1.66790557 27.4846172 67988.955153173
1.66855371 27.4630318 68064.3012160189
1.66920185 27.4374084 68128.8881582219
1.66984999 27.4088612 68184.5715958725
1.67049813 27.379549 68234.7259238737
1.67114627 27.3520737 68283.3519380382
1.67179441 27.3287086 68333.9643486788
1.67244256 27.3106709 68388.5493515342
1.67309058 27.2975998 68446.7753284971
1.67373872 27.2875729 68505.945373231
1.67438686 27.2777672 68561.9139582915
1.675035 27.2657394 68611.0072890137
1.67568314 27.2507305 68652.216057987
1.67633128 27.2340508 68687.9050515979
1.67697942 27.2180653 68722.1872778393
1.67762744 27.2044697 68757.8808884093
1.67827559 27.1933956 68795.6076672585
1.67892373 27.183136 68832.0491248368
1.67957187 27.1735058 68866.1630328078
1.68022001 27.16629505 68899.7464923237
1.68086815 27.1590843 68933.3299518395
1.68151629 27.1530056 68965.7192248427
1.68216443 27.147028 68997.1598131159
1.68281245 27.1409264 69027.4178576429
1.68346059 27.1347332 69056.4746898499
1.68410873 27.1286526 69084.5501171383
1.68475688 27.1228046 69111.7702025659
1.68540502 27.1169453 69137.7003497635
1.68605316 27.1104832 69161.3076646815
1.6867013 27.1027946 69181.5076637707
1.68734932 27.0936337 69197.8472828255
1.68799746 27.0832863 69210.7936376661
1.6886456 27.0723152 69221.2908964321
1.68929374 27.0611591 69230.0542863122
1.68994188 27.0499249 69237.2098703638
1.69059002 27.0385723 69242.5799960297
1.69123816 27.0273094 69246.4451937606
1.69188631 27.0168476 69249.9599040733
1.69253433 27.0081978 69254.8579958537
1.69318247 27.0020847 69262.4528936023
1.69383061 26.9983654 69272.6137165648
1.69447875 26.9958382 69283.4661800769
1.69512689 26.9926224 69291.9865773912
1.69577503 26.9869041 69295.2861976302
1.69642317 26.9777031 69291.8696478831
1.69707119 26.9652824 69282.2744024125
1.69771934 26.9510479 69268.9214540635
1.69836748 26.9369316 69254.9327705177
1.69901562 26.9247665 69243.425903235
1.69966376 26.9153633 69235.5459584453
1.7003119 26.9092903 69231.8162584276
1.70096004 26.90881155 69234.7256954368
1.70160818 26.9083328 69237.635132446
1.7022562 26.911396 69244.6738873583
1.70290434 26.9150467 69252.2593504512
1.70355248 26.9184074 69259.2092790848
1.70420063 26.9210529 69264.9860986277
1.70484877 26.9228516 69269.4121565227
1.70549691 26.9238548 69272.5155559992
1.70614505 26.9242268 69274.4645149589
1.70679307 26.9241447 69275.455354533
1.70744121 26.923687 69275.5255122379
1.70808935 26.9227448 69274.4271778113
1.70873749 26.9210548 69271.6555971792
1.70938563 26.9183559 69266.7013993086
1.71003377 26.9146004 69259.4383204045
1.71068192 26.9101181 69250.352445967
1.71133006 26.9055843 69240.5281591766
1.71197808 26.9017887 69231.2601155913
1.71262622 26.8992901 69223.44551081
1.71327436 26.8981476 69217.1873230946
1.7139225 26.8979073 69211.7097025762
1.71457064 26.8978481 69205.8347224677
1.71521878 26.8974018 69198.6370839406
1.71586692 26.8965015 69190.0747325196
1.71651495 26.8956165 69180.9842411229
1.71716309 26.8955307 69172.8144315955
1.71781123 26.8968487 69166.0935442817
1.71845937 26.9001713 69161.1861182143
1.71910751 26.9039745 69161.1066262225
1.71975565 26.8973789 69210.1159483626
1.72040379 26.808733 69607.3171567394
1.72105193 26.302084 73572.68824666
1.72176659 15.83532335 50406.5379745069
1.72248125 5.3685627 27240.3877023538
1.72326255 4.59970951 17416.7281158889
1.72404373 4.24883556 13963.3814053892
1.72482502 4.01919985 12452.3925071185
1.7256062 3.84509778 11692.1191540061
1.7263875 3.70820689 11301.7298673327
1.7271688 3.59610343 11082.1393625712
1.72794998 3.50154924 10941.3124740896
1.72873127 3.42000961 10841.0738754234
1.72951245 3.34871602 10763.9880219395
1.73029375 3.28544307 10697.8435586151
1.73107505 3.22843409 10635.7757698228
1.73185623 3.17639947 10574.6274584757
1.73263752 3.12842894 10513.1263512308
1.7334187 3.08388281 10450.9253732049
1.7342 3.04230571 10388.1436620169
1.7349813 3.00335789 10325.1142409354
1.73576248 2.96676946 10262.2144961839
1.73654377 2.93231297 10199.7832724141
1.73732495 2.89978743 10138.0800226548
1.73810625 2.86901307 10077.2858119983
1.73888755 2.83982849 10017.5151711413
1.73966873 2.81208944 9958.83584894047
1.74045002 2.7856679 9901.28057562115
1.7412312 2.76045012 9844.86687555427
1.7420125 2.73633409 9789.58656869271
1.7427938 2.71323204 9735.43088281413
1.74357498 2.69105959 9682.35951989494
1.74435627 2.66975164 9630.38882999253
1.74513745 2.64923525 9579.45163635174
1.74591875 2.62946415 9529.47489064984
1.74669999 2.61076939 9481.11323754223
1.74748123 2.59207463 9432.75158443463
1.74826252 2.57436872 9386.00618819797
1.7490437 2.55726647 9340.31939042892
1.749825 2.54073358 9295.66083963971
1.7506063 2.52473974 9252.00480130169
1.75138748 2.50925875 9209.33785612283
1.75216877 2.49426699 9167.64773905085
1.75294995 2.47974372 9126.91748777943
1.75373125 2.46567059 9087.13192656469
1.75451255 2.45203066 9048.27703390253
1.75529373 2.43880844 9010.34230119251
1.75607502 2.4259901 8973.31426899513
1.7568562 2.41356349 8937.18302088516
1.7576375 2.40151668 8901.93745608696
1.7584188 2.38983917 8867.56939455341
1.75919998 2.37852097 8834.0677355089
1.75998127 2.36755204 8801.42371676796
1.76076245 2.35692382 8769.62623755498
1.76154375 2.34662676 8738.66360491915
1.76232505 2.3366518 8708.52356384508
1.76310623 2.32699037 8679.19150065345
1.76388752 2.31763387 8650.65455811684
1.7646687 2.30857301 8622.89463976286
1.76545 2.2998004 8595.9000526407
1.7662313 2.29130554 8569.64859519914
1.76701248 2.28308654 8544.13384384287
1.76779377 2.27512264 8519.27867528089
1.76857495 2.26743793 8495.16488998454
1.76935625 2.25986862 8472.21312304003
1.77013755 2.2525084 8451.72559780336
1.77013755 1.78691101 6857.45167511525
