x Norm_pressure Norm_heat_flux
0.018014092 66.7212448 267442.724607341
0.018014092 66.6527748 266011.921449128
0.018014092 66.5843048 264581.118290914
0.0180145688 66.7580185 268711.468987622
0.0180145688 66.487999 263649.334642342
0.018015366 66.7719269 269156.244747908
0.018015366 66.3722916 262669.149203228
0.0180164818 66.7634354 268988.792659145
0.0180164818 66.2387695 261762.04320114
0.0180179179 66.7329025 268430.705681556
0.0180179179 66.0870056 260973.090201307
0.0180196725 66.6812286 267666.393191797
0.0180196725 65.9170303 260305.599358992
0.0180217456 66.6092606 266823.766034847
0.0180217456 65.7284775 259741.287516089
0.0180241354 66.5177002 265981.513253061
0.0180241354 65.5210876 259250.764716753
0.0180268455 66.4070053 265180.726786271
0.0180268455 65.2946625 258798.380007103
0.0180298723 66.2774048 264435.090899829
0.0180298723 65.0491104 258347.397447864
0.0180332176 66.1289291 263738.640683292
0.0180332176 64.7844925 257863.530095465
0.0180368777 65.9614868 263080.292423716
0.0180368777 64.5008545 257322.867120112
0.0180408563 65.7751312 262451.014947594
0.0180408563 64.198616 256720.941112015
0.0180451497 65.5698471 261827.04597077
0.0180451497 63.8780708 256049.523847076
0.0180497598 65.3455582 261182.045741478
0.0180497598 63.5393562 255295.811293238
0.0180546828 65.1023407 260504.852259208
0.0180546828 63.1828651 254460.102549158
0.0180599224 64.840271 259788.436705547
0.0180599224 62.8089104 253545.555213396
0.0180654731 64.5594711 259026.965653019
0.0180654731 62.4178162 252555.48044859
0.0180713385 64.2600708 258215.597316669
0.0180713385 62.0098953 251493.260679137
0.0180775151 63.942276 257350.387207514
0.0180775151 61.5854607 250362.206063986
0.0180840027 63.6063194 256428.549091093
0.0180840027 61.1448364 249165.288519649
0.0180908013 63.2524796 255448.438928487
0.0180908013 60.6883659 247905.199934027
0.0180979092 62.881073 254409.756617353
0.0180979092 60.2163925 246584.426439238
0.0181053262 62.4924355 253313.362317248
0.0181053262 59.7292976 245205.511377543
0.0181130506 62.0869102 252159.984704764
0.0181130506 59.227478 243770.286477287
0.0181210805 61.6648026 250949.400961438
0.0181210823 58.7112656 242278.715605747
0.0181294177 61.2264786 249684.208628618
0.0181294177 58.1810951 240733.077131879
0.0181380603 60.7723351 248367.567312239
0.0181380603 57.6374321 239136.569805402
0.0181470066 60.3027 247000.35523822
0.0181470066 57.0806732 237490.184265153
0.0181562547 59.8179474 245583.78887492
0.0181562547 56.5112534 235795.339724217
0.0181658026 59.3184471 244119.007406817
0.0181658044 55.9296112 234053.478480475
0.01817072925 57.36709975 238330.277614865
0.0181756541 58.8045883 242607.076749255
0.0181756541 55.3361893 232266.037813374
0.0181858018 58.2767525 241048.912264564
0.0181910256 58.0060501 240247.144192119
0.0181962494 57.7353477 239445.376119674
0.0182069931 57.1807747 237797.194983802
0.0182180312 56.6134491 236105.192883784
0.0182293635 56.0338173 234370.696693521
0.0182409901 55.4422951 232593.595003783
0.0182529055 54.8392677 230772.970444868
0.0182651132 54.2252312 228910.48712943
0.0182776079 53.6006813 227007.791103763
0.0182903893 52.966053 225065.087119969
0.0183034558 52.3218307 223083.049655553
0.0183168072 51.6684875 221062.480656239
0.0183304418 51.0065231 219004.296488045
0.0183443557 50.3364182 216909.48979718
0.0183585491 49.6586761 214779.142557976
0.0183730181 48.9737892 212614.378899611
0.0183877647 48.2822418 210416.467482154
0.0184027851 47.5845566 208187.317317832
0.0184180792 46.8811874 205927.713289696
0.0184336416 46.1725578 203637.859146158
0.0184494741 45.4591904 201319.832518822
0.018465573 44.7415886 198975.332649379
0.0184819363 44.0202065 196605.520803417
0.0184985641 43.2955093 194211.628504597
0.0185154527 42.5679893 191795.190389981
0.0185326003 41.8380623 189357.066619126
0.0185500029 41.106369 186899.536564676
0.0185676627 40.3733215 184424.601578039
0.0185855739 39.6408691 181928.634335248
0.0186037328 38.9069748 179349.660189641
0.0186221395 38.1906242 176976.37056904
0.0186595805 36.7074356 171645.661689765
0.0186690986 36.3482609 170397.566157295
0.0186786167 35.9890862 169149.470624825
0.0186978914 35.277462 166573.395126595
0.0187174026 34.5717888 163985.205129115
0.0187371485 33.8721733 161412.101547395
0.0187571254 33.1761208 158867.171453161
0.0187773295 32.4801064 156351.126460328
0.018797759 31.781065 153852.242503799
0.0188184138 31.0776424 151349.966086004
0.0188392866 30.3709564 148822.534266826
0.0188603774 29.6644096 146256.553850075
0.0188816823 28.9624557 143653.557465442
0.0189031977 28.2688656 141027.687059442
0.0189249236 27.5857162 138396.675769832
0.0189468563 26.9135017 135774.610340356
0.0189689901 26.2518139 133170.052219118
0.0189913251 25.5998974 130586.825452689
0.0190138556 24.9569759 128025.397759103
0.0190365836 24.3224716 125484.328847853
0.0190594997 23.6960793 122961.720747266
0.0190826058 23.0777531 120456.135174208
0.0191058982 22.467598 117966.981960862
0.0191293713 21.8658123 115494.738862128
0.019153025 21.272583 113040.023145366
0.0191768538 20.6880589 110603.216211547
0.0192008559 20.1124344 108184.927298537
0.0192250293 19.5459576 105785.623120681
0.0192493685 18.9889698 103405.846672519
0.0192738716 18.4419098 101045.95225548
0.0192985348 17.9054375 98708.0985990557
0.0193233564 17.3796749 96366.8522806297
0.0202418659 4.29752159 29448.4243118929
0.0202760268 4.22938204 28681.6345224605
0.0203116387 4.17574358 28053.0834144496
0.0203487631 4.13037586 27512.7873869777
0.0203874651 4.0907979 27035.1316512286
0.0204278119 4.05558777 26604.2394884834
0.0204698704 4.02378321 26209.3657293453
0.0205137152 3.99466801 25842.6959697702
0.0205594227 3.9677062 25498.9370668671
0.0206070691 3.94245982 25174.3313177576
0.0206567384 3.91856098 24866.5254784531
0.0207085144 3.8956008 24573.2246191662
0.0207624882 3.87304449 24291.3652871536
0.0208187513 3.85052514 24020.2369725545
0.0208774004 3.82773972 23757.6756263356
0.0209385343 3.80449176 23500.8092991883
0.021002261 3.78083825 23248.1891692679
0.0210686885 3.7568121 22997.4712265039
0.0211379286 3.73238969 22747.262654773
0.0212101042 3.70751786 22497.0821862715
0.0212853327 3.68209505 22246.7171397739
0.0213637482 3.65598059 21996.0388426371
0.0214454811 3.62901998 21744.8138373196
0.0215306729 3.60108137 21492.4764459607
0.0216194671 3.57212782 21238.3442619292
0.0217120145 3.54224396 20981.7069761017
0.0218084734 3.51157975 20721.9919851788
0.0219090097 3.48045087 20461.0921420302
0.022013789 3.44911957 20200.2251194388
0.0221229922 3.4174881 19936.8365345885
0.0222368054 3.38599944 19677.4253596493
0.0223579174 3.35322499 19420.5169780266
0.0224790294 3.32045054 19163.6085964039
0.0226078518 3.28523922 18898.0022652782
0.0227421001 3.24936032 18633.1835271568
0.0228819996 3.21265435 18367.5574234019
0.0230277851 3.17513728 18100.3643638699
0.0231797025 3.1368618 17831.1195678535
0.0233380031 3.0979104 17559.5437093261
0.0235029534 3.05842185 17285.9603769005
0.0236748271 3.01850986 17010.7121288697
0.0238539111 2.97825837 16735.0536740581
0.0240405016 2.93786144 16461.2928898126
0.0242349096 2.89751792 16190.0955215641
0.0244374536 2.85734344 15921.737583173
0.0246484708 2.81732297 15656.8043243917
0.0248683058 2.77716923 15394.7115995233
0.0250973199 2.73641658 15133.7779321307
0.0253358893 2.69476938 14871.6863113177
0.0255844016 2.65249085 14607.1211044731
0.0258432645 2.61044431 14342.0370919397
0.0261128936 2.56959295 14081.6338730023
0.0263937302 2.53020835 13830.5490827258
0.0266862232 2.49156141 13588.6447141801
0.0269908458 2.45252895 13351.0121368736
0.0273080822 2.41257 13112.3279969438
0.0276384428 2.37222385 12871.3420017877
0.027982451 2.33269501 12631.3339990152
0.0283406526 2.29484439 12396.9333934598
0.0287136119 2.25864172 12172.08367042
0.0291019138 2.22349072 11956.7509052832
0.0295061674 2.18876934 11746.8175734658
0.0299269985 2.15469003 11544.8342437743
0.03037401475 2.121477365 11351.3525926389
0.030821031 2.0882647 11157.8709415035
0.031295605 2.05533981 10963.8237630606
0.0317895077 2.02282596 10772.0012563316
0.0323034823 1.99095225 10580.9218792832
0.0328383073 1.96053243 10393.3023108815
0.0333947837 1.93241024 10215.0886926265
0.0339737311 1.90679049 10051.8113385919
0.03457601 1.8829205 9902.93743162173
0.0352025032 1.85968339 9762.28584707045
0.0358541161 1.83651447 9624.56179600073
0.0365317874 1.81361103 9488.70784422162
0.0372364931 1.79153132 9356.9469571796
0.0379692279 1.77072716 9232.08631627628
0.0387310162 1.75128305 9114.54423808145
0.0395229235 1.73308122 9003.18731935293
0.0403460413 1.71601582 8895.83934637375
0.0412014835 1.70002151 8790.80722001425
0.0420904085 1.6850816 8689.06777841819
0.0430139974 1.67121601 8592.74291577484
0.0439734645 1.65852237 8504.20748544877
0.0449700616 1.64712906 8425.19196386477
0.0460050628 1.63704348 8355.92127722679
0.0470797792 1.62807357 8294.80282556094
0.0481955446 1.61997771 8239.26078730174
0.0493537337 1.6126821 8187.47587981948
0.0505557396 1.60631764 8139.78403707431
0.0518029928 1.60104787 8098.25106723908
0.0530969501 1.59686446 8064.61211388202
0.0544390865 1.59357417 8038.60369919053
0.0558309145 1.5909183 8018.30780786785
0.0572739579 1.58896279 8003.52873103173
0.05879694785 1.587897775 7992.01895807586
0.0603199378 1.58683276 7980.50918511999
0.0619260333 1.58674812 7969.95871088167
0.0635896698 1.58773911 7967.43545239206
0.0653124675 1.5897485 7972.6327030496
0.0670960546 1.59263813 7984.43165321769
0.0689420775 1.59621239 8001.74392504238
0.0708521679 1.6003052 8023.36717203766
0.0728279725 1.60482562 8048.18787399613
0.0748711303 1.60976386 8075.82159881318
0.076983273 1.61515296 8106.48043553907
0.0791660175 1.62100863 8140.58500922315
0.0814209655 1.62729311 8178.35675323944
0.0837496966 1.63391852 8219.64201318114
0.086153768 1.64077914 8264.00786883602
0.0886346921 1.64778352 8310.95599976229
0.0911939517 1.65486503 8360.10723317395
0.0938329771 1.66197467 8411.2454050525
0.0965531468 1.66907072 8464.25542263664
0.099355787 1.67611217 8519.06601412919
0.102242149 1.68305659 8575.59890199937
0.105213411 1.68985915 8633.73022126357
0.108270667 1.69647539 8693.29112169734
0.111414939 1.70286834 8754.09175594914
0.11464712 1.70901692 8815.97202594314
0.11796803 1.71491826 8878.83729405429
0.121378347 1.72058034 8942.65660658276
0.124878652 1.72601414 9007.45448359622
0.128469378 1.73122692 9073.04340629643
0.132150814 1.73621809 9139.63192071934
0.135923132 1.74096096 9207.20252256778
0.139786303 1.74567044 9275.61908180585
0.14378538 1.750074685 9344.52667471983
0.147784457 1.75447893 9413.43426763381
0.151918575 1.75835609 9479.2930917419
0.156141862 1.76217568 9546.63526451957
0.160453424 1.76593232 9614.0218403997
0.164852217 1.76958394 9680.55426880619
0.16933693 1.77310717 9746.20336252794
0.173906118 1.77652097 9810.76580473701
0.178558066 1.77985406 9873.93662520993
0.183290899 1.78312242 9935.53004152658
0.188102499 1.78632784 9995.39533004548
0.192990586 1.78946388 10053.3513955637
0.197952598 1.79252088 10109.2088724993
0.202985853 1.79549098 10162.7985191901
0.20808737 1.79836881 10213.9728940502
0.213254049 1.80115223 10262.6175767886
0.218482539 1.8038404 10308.6484584543
0.223769337 1.80643332 10352.014150285
0.229110733 1.80893075 10392.6830361477
0.234502852 1.8113327 10430.6504990831
0.239941671 1.81363916 10465.9328991855
0.245422989 1.81585026 10498.5605477953
0.250942498 1.81796646 10528.586038099
0.256495684 1.81998897 10556.0796281699
0.262078047 1.8219192 10581.1252262218
0.267684907 1.82375848 10603.7755258096
0.273311466 1.82550907 10624.127483075
0.278952956 1.82717228 10642.3482118642
0.28460446 1.82875037 10658.5242299763
0.29026112 1.83025181 10672.7231858993
0.295917958 1.83165658 10685.3750590431
0.301570088 1.83306289 10696.0791776514
0.3072053345 1.83438814 10704.7139952569
0.312840581 1.83571339 10713.3488128623
0.318449229 1.83682311 10719.0718347947
0.324033797 1.83789623 10723.9933124768
0.329589576 1.83894575 10727.8936392444
0.335112035 1.83996499 10730.6300908397
0.340596676 1.84093821 10732.4189617605
0.346039146 1.84185874 10733.3409484225
0.351435304 1.84272599 10733.4062884309
0.356781036 1.84354031 10732.6807232687
0.362072468 1.84430301 10731.2458526699
0.367305905 1.84501636 10729.175347243
0.372477829 1.84568262 10726.5382606374
0.377584845 1.84630466 10723.3962192204
0.382623851 1.8468858 10719.8079386679
0.387591869 1.84742987 10715.8306291254
0.392486155 1.84794092 10711.5131701384
0.397304147 1.84842277 10706.906047151
0.402043581 1.84887898 10702.0523183255
0.40670228 1.84931242 10696.992934082
0.411278367 1.84972501 10691.7641275126
0.415770113 1.85011828 10686.3998232299
0.420176059 1.85049307 10680.9291281502
0.424494863 1.85084999 10675.3778370232
0.428725481 1.85118914 10669.7669269025
0.432866991 1.8515116 10664.1233969619
0.436918706 1.85181642 10658.4482508882
0.44088006 1.85210669 10652.8011076752
0.444750726 1.85237753 10647.0991631649
0.448530555 1.85263991 10641.5770793228
0.452219486 1.85283124 10636.0701511509
0.455817699 1.85316062 10634.7510056361
0.4592868835 1.85322106 10623.9119413423
0.462756068 1.8532815 10613.0728770485
0.466186643 1.85351491 10610.5115687936
0.469617248 1.85373223 10606.0668423248
0.473047853 1.8539294 10601.1874191182
0.476478428 1.85411417 10596.1514207762
0.479909033 1.85429347 10591.0242876761
0.483339638 1.85447061 10585.8364315266
0.486770242 1.85464418 10580.5935733425
0.490200818 1.85481 10575.2818622463
0.493631423 1.85496402 10569.883633351
0.497062027 1.85510421 10564.3953737529
0.500492632 1.85523117 10558.8243099967
0.503923237 1.8553468 10553.1794752633
0.507353783 1.85545301 10547.4763263289
0.510784388 1.85555136 10541.7228926875
0.514214993 1.85564303 10535.9262001466
0.517645597 1.85572851 10530.0910664026
0.521076202 1.85580826 10524.2195991978
0.524506807 1.85588276 10518.3166162285
0.527937412 1.8559525 10512.3856303985
0.531368017 1.85601783 10506.4288498186
0.534798563 1.85607922 10500.4487837058
0.538229167 1.85613704 10494.4487442264
0.541659772 1.85619152 10488.4312405972
0.545090377 1.85624313 10482.3997857221
0.548520982 1.85629189 10476.3542792322
0.551951587 1.85633826 10470.2993380867
0.555382192 1.85638189 10464.2304456952
0.558812737 1.85642493 10458.1685791111
0.562243342 1.85646021 10452.0645576829
0.565673947 1.85651708 10446.0623100925
0.569104552 1.85659057 10440.170417862
0.572535157 1.85666406 10434.2785256315
0.575965762 1.85667729 10428.1067553466
0.579396367 1.85668969 10421.9397023895
0.582826912 1.8567034 10415.7902139508
0.586257517 1.85671782 10409.659394086
0.589688122 1.85673261 10403.5414214117
0.593118727 1.85674739 10397.4350915039
0.596549332 1.85676217 10391.3405047312
0.599979937 1.85677695 10385.257560725
0.603410542 1.85679173 10379.1874639094
0.606841087 1.85680664 10373.1279058048
0.610271692 1.85682154 10367.0812952595
0.613702297 1.85683668 10361.046227112
0.617132902 1.85685194 10355.0229020996
0.620563507 1.85686731 10349.0124242778
0.623994112 1.85688293 10343.0135892225
0.627424717 1.85689867 10337.0264973024
0.630855262 1.85691428 10331.0510481487
0.634285867 1.85692954 10325.0850336505
0.637716472 1.85694432 10319.1294574948
0.641147077 1.85695887 10313.1855241055
0.644577682 1.85697365 10307.2556423309
0.648008287 1.85698974 10301.3468379784
0.651438892 1.8570081 10295.462523583
0.654869437 1.85703003 10289.6098253206
0.658300042 1.85705578 10283.7898472467
0.661730647 1.85708499 10278.0024889928
0.665161252 1.85711551 10272.2350037367
0.668591857 1.85714674 10266.4898003268
0.672022462 1.85716951 10260.714185208
0.675453067 1.85720599 10255.0110362736
0.678883642 1.85724771 10249.370918868
0.682314217 1.85728943 10243.7308014624
0.685744822 1.85727227 10237.8348443004
0.689175427 1.85725129 10231.9353742348
0.692606032 1.85723102 10226.0592900708
0.696036637 1.85721409 10220.2182345749
0.699467242 1.85720253 10214.421542034
0.702897787 1.85719728 10208.6704168723
0.706328392 1.85719824 10202.9672679378
0.709758997 1.85720408 10197.3061734788
0.713189602 1.85721314 10191.6789032638
0.716620207 1.85722375 10186.0762233745
0.720050812 1.85723388 10180.4922120591
0.723481417 1.85724235 10174.9187394546
0.726911962 1.85724866 10169.3546011371
0.730342567 1.8572526 10163.7986930511
0.733773172 1.85725439 10158.2532233074
0.737203777 1.85725451 10152.7182922747
0.740634382 1.85725331 10147.1974128568
0.744064987 1.85725093 10141.691689109
0.747495592 1.85724783 10136.2000169759
0.750926197 1.85724378 10130.7222960888
0.754356742 1.85723889 10125.2598312405
0.757787347 1.85723329 10119.811418007
0.761217952 1.85722697 10114.3769560195
0.764648557 1.85722029 10108.9588541262
0.768079162 1.85721338 10103.5571123272
0.771509767 1.85720682 10098.1729350466
0.774940372 1.85720026 10092.8062219157
0.778370917 1.85719562 10087.4676120142
0.781801522 1.85718775 10082.1243851536
0.785232127 1.85719776 10076.8757055863
0.788662732 1.857224465 10071.7427009185
0.792093337 1.85725117 10066.6096962508
0.795523942 1.85723829 10061.315549673
0.798954546 1.85722649 10056.0411757244
0.802385092 1.85721695 10050.7971131162
0.805815697 1.85720932 10045.5800496819
0.809246302 1.85720289 10040.3851677251
0.812676907 1.85719728 10035.2100985451
0.816107512 1.85719228 10030.0537481232
0.819538116 1.85718739 10024.9160963857
0.822968721 1.85718262 10019.7959690192
0.826399267 1.85717785 10014.6922017469
0.829829872 1.85717273 10009.6047945689
0.833260477 1.85716748 10004.5325731716
0.836691082 1.85716188 9999.47671186862
0.840121686 1.85715604 9994.43603634637
0.843552291 1.85714972 9989.4128952319
0.846982896 1.85714328 9984.40376558467
0.850413442 1.85713637 9979.41217034521
0.853844047 1.85712934 9974.43692516315
0.857274652 1.85712218 9969.47805011223
0.860705256 1.85711479 9964.53786370886
0.864135861 1.8571074 9959.61403739976
0.867566466 1.85709989 9954.70889973821
0.870997071 1.85709238 9949.82129648444
0.874427617 1.85708487 9944.95121760159
0.877858222 1.85707736 9940.0998273663
0.881288826 1.85706985 9935.26597153878
0.884719431 1.85706186 9930.44613721537
0.888150036 1.85705483 9925.65200731
0.891580641 1.85704398 9920.85086163415
0.895011246 1.85704768 9916.12917783946
0.898441821 1.857064905 9911.50505741673
0.901872396 1.85708213 9906.88093699401
0.905303001 1.85706341 9902.11485009684
0.908733606 1.85704446 9897.36278470378
0.912164211 1.8570267 9892.63408513861
0.915594816 1.85700965 9887.92524853451
0.919025421 1.85699308 9883.23277202467
0.922455966 1.85697699 9878.5566556091
0.925886571 1.85696101 9873.89689928779
0.929317176 1.85694528 9869.25115443371
0.932747781 1.85692966 9864.62177971077
0.936178386 1.8569144 9860.00759076858
0.939608991 1.85689938 9855.40975188379
0.943039596 1.85688472 9850.82711885348
0.946470201 1.85687065 9846.2608258437
0.949900746 1.85685706 9841.71207727857
0.953331351 1.85684395 9837.17967877084
0.956761956 1.85683155 9832.66480463401
0.960192561 1.85681987 9828.16629059145
0.963623166 1.85680866 9823.68530091981
0.967053771 1.85679817 9819.22184565595
0.970484376 1.85678828 9814.77474044947
0.973914921 1.85677886 9810.34515961391
0.977345526 1.85677004 9805.93194890949
0.980776131 1.85676169 9801.53567040079
0.984206736 1.85675383 9797.15575198635
0.987637341 1.85674608 9792.79161152785
0.991067946 1.85673869 9788.44383116361
0.994498551 1.85673118 9784.10889798997
0.997929096 1.8567245 9779.79499205404
1.0013597 1.85671449 9775.47583683634
1.00479031 1.85671747 9771.22561482563
1.008220915 1.85673261 9767.06127829139
1.01165152 1.85674775 9762.89694175714
1.01508212 1.8567307 9758.60699382429
1.01851273 1.85671329 9754.32932098057
1.02194333 1.85669649 9750.07150106105
1.02537394 1.85668015 9745.83005127267
1.02880454 1.85666382 9741.60319508985
1.03223503 1.85664749 9737.38919613449
1.03566563 1.85663092 9733.18805440658
1.03909624 1.85661411 9728.99917773093
1.04252684 1.85659707 9724.82315828274
1.04595745 1.8565799 9720.65940388682
1.04938805 1.85656261 9716.50849668148
1.05281866 1.85654521 9712.36986456528
1.05624926 1.85652792 9708.24525395318
1.05967987 1.85651076 9704.13350056853
1.06311047 1.85649383 9700.0351765128
1.06654108 1.85647714 9695.95145609949
1.06997168 1.85646081 9691.88117505196
1.07340229 1.85644484 9687.82550768373
1.07683289 1.85642934 9683.78385178273
1.0802635 1.85641432 9679.75622742271
1.08369398 1.85639977 9675.74319666824
1.08712459 1.85638595 9671.74536173139
1.09055519 1.85637224 9667.75980188367
1.0939858 1.85635996 9663.79293068351
1.0974164 1.85634613 9659.83130876513
1.10084701 1.85633743 9655.89949634366
1.10427761 1.85632694 9651.87420053693
1.10770822 1.85630798 9647.87928632857
1.11113882 1.8560003 9651.07206411144
1.11456943 1.85267949 9768.62992026221
1.11838061 1.48583263 8029.04465168308
1.12219179 1.11898577 6289.45938310394
1.12634969 1.04323041 5678.04064610204
1.13047385 1.00500035 5478.00749986811
1.13456452 0.976388097 5337.45406584555
1.13862228 0.953584135 5220.66796452189
1.14264703 0.934364557 5117.63564389361
1.14663935 0.917630494 5025.26771595144
1.15059936 0.902769029 4941.2611812663
1.15452731 0.889381707 4864.22822207489
1.15842354 0.877189875 4793.30652089331
1.16228831 0.865993142 4727.69131163674
1.16612196 0.855641663 4666.67481447245
1.1699245 0.846019983 4609.7014185181
1.1736964 0.837037325 4556.32859827913
1.1774379 0.828620613 4506.18097490553
1.18114924 0.820709765 4458.94161422762
1.18483067 0.81325388 4414.33621868947
1.1884824 0.806209385 4372.1264327582
1.1921047 0.799538136 4332.10017742041
1.1956979 0.793206871 4294.07136914994
1.19926202 0.787186444 4257.87439963061
1.20279765 0.781451404 4223.36495877939
1.20630467 0.775979757 4190.41567874583
1.20978367 0.77075237 4158.91615398582
1.21323454 0.765752673 4128.76588534361
1.21665788 0.760966241 4099.87753199694
1.22005355 0.756379604 4072.18304398315
1.22342205 0.751982093 4045.63364212548
1.22676349 0.74776274 4020.08791699565
1.23007822 0.743715823 3995.57335957415
1.23336637 0.739811659 3972.00814931591
1.23661506 0.7361185255 3949.63505797559
1.23986375 0.732425392 3927.26196663528
1.24307346 0.728982687 3906.28924917968
1.24625754 0.725671113 3886.07748688162
1.24941611 0.722483277 3866.61469572112
1.25254953 0.719414711 3847.85471614387
1.25565791 0.716461182 3829.76163623743
1.25874138 0.713618279 3812.31500086554
1.26180029 0.710882008 3795.48793129664
1.26483476 0.708248496 3779.25472311268
1.26784515 0.705714166 3763.59404796991
1.27083147 0.703275621 3748.48517973664
1.27379405 0.700929642 3733.9079443089
1.27673304 0.698673248 3719.84366307601
1.27964866 0.69650358 3706.27451056101
1.28254116 0.694417894 3693.18354453132
1.28541064 0.692413509 3680.55498703101
1.28825736 0.69048804 3668.37307014098
1.29108143 0.688639045 3656.62377235715
1.2938832 0.686864138 3645.2918978619
1.29666269 0.685161114 3634.36489053379
1.29942024 0.683527827 3623.82843779957
1.30215597 0.681962073 3613.67055563926
1.30487001 0.680461764 3603.87868793143
1.30756259 0.679024816 3594.44145286818
1.31023395 0.677649438 3585.34364459502
1.31288421 0.676333606 3576.57242595823
1.31551361 0.675074697 3568.13157082005
1.31812239 0.673871875 3560.02664964201
1.32071042 0.672723472 3552.15542689026
1.32327819 0.671630323 3544.54183045728
1.32582581 0.670566797 3537.34537628058
1.32834345 0.669562608 3530.35792983577
1.33086109 0.668558419 3523.37048339095
1.33334923 0.667660415 3516.9300161223
1.33581781 0.66680783 3510.63647855913
1.33826709 0.665994644 3504.59823876144
1.34069717 0.665220022 3498.84014801351
1.3431083 0.664484322 3493.28915799261
1.34550059 0.663786054 3487.92832646615
1.34787416 0.663123548 3482.76642565646
1.35022926 0.662495613 3477.79848731405
1.352566 0.661901176 3473.01516711514
1.35488462 0.661338985 3468.41003142756
1.35718524 0.660807729 3463.97724883123
1.35946798 0.660306394 3459.71008458793
1.36173296 0.65983367 3455.60241620842
1.36398041 0.659388602 3451.64839219885
1.36621046 0.658970058 3447.84277331431
1.36842322 0.658576965 3444.17940695493
1.37061894 0.65820837 3440.65303380207
1.37279773 0.657863259 3437.25899674913
1.37495971 0.657540679 3433.99202644061
1.37710512 0.657239795 3430.84686355785
1.37923396 0.656959593 3427.81942309572
1.38134646 0.6566993 3424.90561001222
1.38344264 0.65645808 3422.10104823307
1.38552296 0.656235218 3419.39872198777
1.38758719 0.65602994 3416.79221771789
1.38963568 0.655840695 3414.29671116732
1.39166856 0.65566802 3411.92359418085
1.39368594 0.655511796 3409.56596408115
1.39568794 0.655372798 3407.24339276014
1.3976748 0.655225337 3405.20679187213
1.39963901 0.6550862195 3403.07174938625
1.40160322 0.654947102 3400.93670690036
1.40354514 0.654863894 3399.06602547143
1.4054724 0.654794872 3397.14480841389
1.40738499 0.654734075 3395.3243715444
1.40928328 0.654681921 3393.65115544956
1.41116726 0.654640317 3392.03461754632
1.41303706 0.654608488 3390.45575804422
1.41489279 0.654585481 3388.93326559083
1.41673458 0.654571176 3387.46862564257
1.41856265 0.654565334 3386.05714094536
1.42037714 0.65456754 3384.69649298278
1.42217791 0.654577434 3383.38549740445
1.42396545 0.654594719 3382.12269886456
1.42573953 0.654619157 3380.90604984212
1.42750061 0.654650331 3379.73410502818
1.42924857 0.654688001 3378.60508789716
1.43098354 0.65473187 3377.51756317699
1.43270576 0.65478164 3376.47004541127
1.43441534 0.654837132 3375.46139039707
1.43611228 0.654898047 3374.4898316457
1.43779671 0.654964089 3373.55419484364
1.43946886 0.655035138 3372.65303468195
1.44112885 0.655110836 3371.78574894856
1.44277668 0.655191123 3370.95148450974
1.44441247 0.655275762 3370.14554411141
1.44603634 0.655364513 3369.36502709883
1.44764853 0.655456424 3368.62802994438
1.44924903 0.655552745 3367.94507128533
1.45083785 0.655653656 3367.218301699
1.45241535 0.655759573 3366.47751060858
1.45398152 0.655845821 3365.96573072725
1.455530825 0.6559263765 3365.2680228912
1.45708013 0.656006932 3364.57031505514
1.45861292 0.656128407 3364.0249417778
1.46013474 0.656254053 3363.39631268333
1.46164584 0.656379223 3362.8261182323
1.46314609 0.656504929 3362.35814927825
1.46463585 0.656633258 3361.90713259366
1.466115 0.656763732 3361.45406838808
1.46758378 0.656895757 3361.01765534591
1.4690423 0.65702945 3360.60023205734
1.47049057 0.657164812 3360.19915882616
1.47192883 0.657301724 3359.81299034344
1.47335696 0.657440186 3359.44288084895
1.47477531 0.657580137 3359.08767610292
1.47618377 0.6577214 3358.74736606848
1.47758257 0.657864034 3358.4213686073
1.47897172 0.65800792 3358.10939265023
1.48035133 0.658152938 3357.81085605893
1.48172152 0.658299148 3357.52546776425
1.48308241 0.658446372 3357.25292666017
1.48443401 0.658594608 3356.99265060834
1.48577642 0.658743739 3356.74435857649
1.4871099 0.658893824 3356.50745838941
1.48843431 0.659044683 3356.28224111628
1.48974991 0.659196377 3356.06841568793
1.49105668 0.659348845 3355.8627703067
1.49235487 0.65950197 3355.66354852078
1.49364436 0.659655094 3355.48711042441
1.49492526 0.65980953 3355.34281037825
1.49619782 0.659965277 3355.14446179981
1.49746203 0.660122097 3354.93210175413
1.49871802 0.660257578 3354.91457738322
1.49996179 0.660385549 3354.69607477454
1.50120556 0.66051352 3354.47757216586
1.50243723 0.660676777 3354.35108755977
1.50366104 0.660840511 3354.15099256636
1.50487697 0.661001861 3353.99793033474
1.50608516 0.661161959 3353.92577529323
1.50728571 0.661322653 3353.86180029885
1.50847876 0.661483526 3353.7876077732
1.50966418 0.66164428 3353.71896563536
1.5108422 0.661804855 3353.65791136946
1.51201296 0.661965489 3353.60182535305
1.51317632 0.662126064 3353.55070758612
1.51433265 0.66228658 3353.50454803181
1.51548183 0.662447095 3353.46423997134
1.51662397 0.662607551 3353.42890016036
1.5177592 0.662767947 3353.39851856199
1.51888752 0.662928283 3353.37310521311
1.52000904 0.66308856 3353.35265007684
1.52112389 0.663248777 3353.33717322693
1.52223206 0.663408935 3353.32636352048
1.52333367 0.663568974 3353.32023099434
1.52442884 0.663728893 3353.31818347334
1.52551758 0.663888752 3353.32081313267
1.5266 0.664048433 3353.32782890315
1.52767622 0.664207995 3353.33922074793
1.52874613 0.664367557 3353.35265007684
1.52981007 0.66452688 3353.36638051178
1.53086782 0.664685488 3353.39588890267
1.53191972 0.664844692 3353.44787987708
1.53296566 0.665004253 3353.4484620154
1.53400576 0.665163398 3353.44087414346
1.53504014 0.665302873 3353.60211642221
1.536066055 0.665436715 3353.57641200417
1.53709197 0.665570557 3353.55070758612
1.53810954 0.66573447 3353.57904166349
1.53912163 0.665897489 3353.54486612915
1.54012823 0.666057765 3353.55099865529
1.54112959 0.666216671 3353.62519118093
1.5421257 0.666375756 3353.70523520042
1.54311657 0.666534662 3353.77505165177
1.54410231 0.666693091 3353.84748772558
1.54508305 0.666851103 3353.92372777223
1.54605865 0.667008758 3354.00172427071
1.5470295 0.667166054 3354.08117611501
1.54799533 0.667323112 3354.16238441114
1.54895651 0.667479813 3354.24564022827
1.54991281 0.667636216 3354.33064246038
1.55086458 0.66779232 3354.41769221348
1.5518117 0.667948186 3354.50678948758
1.55275428 0.668103755 3354.59763317666
1.55369246 0.668259025 3354.69052438673
1.55462611 0.668414056 3354.7854631178
1.55555546 0.66856879 3354.88214826385
1.55648065 0.668723285 3354.98058986173
1.55740154 0.668877542 3355.08107898061
1.55831826 0.669031501 3355.18331451447
1.5592308 0.669185281 3355.28788863848
1.56013954 0.669338882 3355.39188062417
1.5610441 0.669492126 3355.49441726406
1.56194496 0.669644594 3355.61009216369
1.56284177 0.66979754 3355.74446574775
1.56373501 0.669950843 3355.83121439482
1.56462443 0.670102954 3355.9077555475
1.56551015 0.670239687 3356.13208957628
1.56639057 0.6703733505 3356.20409908321
1.56727099 0.670507014 3356.27610859015
1.56814611 0.670663357 3356.38565096365
1.56901789 0.670818686 3356.43033509841
1.56988633 0.670971632 3356.50804052774
1.57075143 0.671123385 3356.6438694576
1.57161331 0.671275318 3356.7843755678
1.57247198 0.671427131 3356.91611949253
1.57332754 0.671578586 3357.04961986911
1.57418001 0.671729684 3357.1860309373
1.57502961 0.671880543 3357.32303418068
1.57587612 0.672031164 3357.46061956239
1.57671976 0.672181547 3357.59907815158
1.57756066 0.672331691 3357.73840994825
1.5783987 0.672481596 3357.87862498928
1.57923412 0.672631383 3358.0197132378
1.5800668 0.672780931 3358.16168473067
1.58089697 0.6729303 3358.30452943102
1.58172452 0.673079491 3358.44824733886
1.58254969 0.673228502 3358.59342059251
1.58337235 0.673377395 3358.73918602135
1.58419263 0.673526108 3358.88611572683
1.58501053 0.673674703 3359.03392867667
1.58582628 0.673823178 3359.18261483399
1.58663976 0.673971534 3359.33304740629
1.58745122 0.67411989 3359.48202463277
1.58826041 0.674268007 3359.62837219994
1.5890677 0.674415469 3359.78845020204
1.58987296 0.674563468 3359.96692578254
1.59067631 0.6747123 3360.09837863811
1.59147775 0.674859941 3360.20529135229
1.59227741 0.674998283 3360.44248260853
1.59307444 0.67513597 3360.5813828199
1.59387147 0.675273657 3360.72028303126
1.594666 0.675423801 3360.90227151544
1.59545887 0.675574362 3360.99866559232
1.5962503 0.675722778 3361.11843553396
1.59704018 0.675870419 3361.28990538084
1.59782863 0.676018476 3361.46370378102
1.59861577 0.676166654 3361.6287500326
1.59940147 0.676314652 3361.79554269916
1.60018599 0.676462531 3361.96555720024
1.6009692 0.67661047 3362.13731811628
1.60175133 0.676758468 3362.30703151133
1.60253227 0.676906407 3362.47587169889
1.60331213 0.677054048 3362.65084441258
1.60409105 0.677202046 3362.83546255608
1.60486901 0.677351058 3362.99729701002
1.60564613 0.677498579 3363.1161837073
1.60642231 0.677641332 3363.36915291948
1.60719776 0.677786231 3363.77605757076
1.60797238 0.677942216 3363.83682076749
1.60874641 0.678131461 3363.67469524439
1.60951972 0.678490102 3362.33420131205
1.61029255 0.679444015 3354.87777218955
1.61106479 0.682379782 3332.0787764075
1.61183655 0.692951441 3258.25581826385
1.61260796 0.734993041 2968.31637621
1.61337888 0.846878529 2422.80540308285
1.61414957 1.01049221 2291.70190076111
1.61492002 1.1887207 2913.47832384757
1.61569011 1.34818506 3770.16917989178
1.6164602 1.49257302 4623.8547970251
1.61723018 1.60335994 5385.16518941347
1.617939175 1.96734178 7812.77771010842
1.61864817 2.33132362 10240.3902308034
1.61929619 2.80888224 12016.9211238781
1.61994433 3.32253766 13595.6471356314
1.62059247 3.8051815 14793.0628097102
1.62124062 4.24318457 15698.5481587793
1.62188876 4.63684607 16392.6022739034
1.6225369 4.98972225 16906.195917581
1.62318504 5.30654049 17267.7163625784
1.62383318 5.59313011 17512.7217217524
1.6244812 5.85557747 17677.4246120989
1.62512934 6.09943438 17792.7536412725
1.62577748 6.32935429 17882.5615256051
1.62642562 6.54904699 17964.2405508304
1.62707376 6.76137018 18049.9786860695
1.62772191 6.96845675 18148.077826028
1.62837005 7.17184877 18264.1056219272
1.62901807 7.3726325 18402.1060281107
1.62966621 7.57158184 18566.0096826865
1.63031435 7.76928377 18760.1865374594
1.63096249 7.9662199 18987.5437711435
1.63161063 8.16278172 19246.7002103818
1.63225877 8.35924911 19531.9609364714
1.63290691 8.55579472 19836.0020470901
1.63355505 8.75251007 20152.487066955
1.63420308 8.94944763 20477.1582564416
1.63485122 9.14664268 20807.615599758
1.63549936 9.34412766 21142.6298817236
1.6361475 9.54192924 21481.4625896169
1.63679564 9.74008656 21823.6838443965
1.63744378 9.93860149 22168.7887916197
1.63809192 10.1375465 22517.1280190736
1.63874 10.3371553 22869.8734314245
1.63938808 10.5367641 23222.6188437754
1.64003623 10.7368259 23578.5576863056
1.64068437 10.9372377 23936.5646254145
1.64133251 11.1380138 24296.7051014792
1.64198065 11.33916 24659.1053782945
1.64262879 11.5406561 25023.5995464384
1.64327693 11.742445 25389.9959017388
1.64392495 11.9444532 25758.1799235358
1.64457309 12.1466103 26127.9882116242
1.64522123 12.3488684 26499.2523473647
1.64586937 12.5511951 26871.8811959992
1.64651752 12.7535696 27245.846754667
1.64716566 12.955966 27621.1138943312
1.6478138 13.1583462 27997.6243007909
1.64846182 13.3606539 28375.2961735747
1.64910996 13.5628214 28754.0173005024
1.6497581 13.7647734 29133.6685439548
1.65040624 13.9664259 29514.1213316576
1.65105438 14.1676912 29895.2493998157
1.65170252 14.3684769 30276.928993851
1.65235066 14.5686874 30659.0363591854
1.65299881 14.7682199 31041.4333885201
1.65364683 14.9669638 31423.9869929901
1.65429497 15.1648006 31806.5476232674
1.65494311 15.3616095 32188.9563957373
1.65559125 15.5572615 32571.0473006087
1.65623939 15.7516241 32952.6707885539
1.65688753 15.9445572 33333.6423819453
1.65753567 16.1359253 33713.8193565252
1.65818369 16.3255501 34092.877019625
1.65883183 16.5133305 34470.929791536
1.659479975 16.69792845 34847.0148857291
1.66012812 16.8825264 35223.0999799223
1.66077626 17.0632496 35595.8574008314
1.6614244 17.2411518 35966.3129665143
1.66207254 17.4160385 36334.251687266
1.66272068 17.5876999 36699.4351874799
1.6633687 17.7558994 37061.5807285944
1.66401684 17.9203682 37420.3588002446
1.66466498 18.0808048 37775.3932206311
1.66531312 18.2369118 38126.26796159
1.66596127 18.3884277 38472.5950981866
1.66660941 18.5351315 38814.0615805192
1.66725755 18.6768341 39150.4171894771
1.66790557 18.813303 39481.4072897283
1.66855371 18.9442291 39806.6650337601
1.66920185 19.0691967 40125.6786416914
1.66984999 19.1877403 40437.7843754646
1.67049813 19.2994442 40742.2811598745
1.67114627 19.4040775 41038.6362379864
1.67179441 19.5016842 41326.6486717101
1.67244256 19.5925579 41606.4726273325
1.67309058 19.6771011 41878.4865951328
1.67373872 19.7556534 42142.999208791
1.67438686 19.8283539 42400.0431884956
1.675035 19.8951244 42649.3099005665
1.67568314 19.9557571 42890.2994086262
1.67633128 20.010067 43122.4928066173
1.67697942 20.0580177 43345.5817619658
1.67762744 20.0997829 43559.5474053604
1.67827559 20.1357479 43764.7077047683
1.67892373 20.166399 43961.4177645667
1.67957187 20.1923428 44150.4488176656
1.68022001 20.2121754 44328.6811044944
1.68086815 20.232008 44506.9133913232
1.68151629 20.246254 44674.2955231194
1.68216443 20.2572136 44835.0174906511
1.68281245 20.2651272 44989.2382779017
1.68346059 20.2702141 45137.1119507897
1.68410873 20.2726879 45278.8443654704
1.68475688 20.272768 45414.655128608
1.68540502 20.2706699 45544.7918497274
1.68605316 20.2666149 45669.5116733776
1.6867013 20.2608128 45789.076361067
1.68734932 20.2534695 45903.747573935
1.68799746 20.2447796 46013.782356162
1.6886456 20.2349205 46119.4285180105
1.68929374 20.2240582 46220.9196173903
1.68994188 20.2123451 46318.4895133178
1.69059002 20.199913 46412.3483778015
1.69123816 20.1868839 46502.6972493003
1.69188631 20.1733723 46589.7323485768
1.69253433 20.1594734 46673.6407628438
1.69318247 20.145277 46754.5859926753
1.69383061 20.1308632 46832.7362559732
1.69447875 20.1163063 46908.2551536801
1.69512689 20.1016693 46981.2877185334
1.69577503 20.0870113 47051.9739648368
1.69642317 20.0723839 47120.4448737132
1.69707119 20.0578327 47186.8218912611
1.69771934 20.0433998 47251.2358982345
1.69836748 20.0291176 47313.7758212809
1.69901562 20.0150223 47374.5769573761
1.69966376 20.0011234 47433.662893159
1.7003119 19.9875088 47491.3747817611
1.70096004 19.9743481 47547.0114476085
1.70160818 19.9611874 47602.6481134559
1.7022562 19.9483337 47655.8685037859
1.70290434 19.9357643 47707.8595785665
1.70355248 19.9234943 47758.6729272974
1.70420063 19.9115353 47808.3552214131
1.70484877 19.8999023 47856.9625670039
1.70549691 19.8886013 47904.5650214058
1.70614505 19.8776493 47951.2140737499
1.70679307 19.867054 47996.9750640446
1.70744121 19.8568344 48041.9087153391
1.70808935 19.8470116 48086.0852857071
1.70873749 19.8376122 48129.5936014271
1.70938563 19.8286552 48172.4989021388
1.71003377 19.8201447 48214.8479596456
1.71068192 19.8120594 48256.6503089716
1.71133006 19.8043575 48297.8730291909
1.71197808 19.7970047 48338.4928347708
1.71262622 19.7899761 48378.509725711
1.71327436 19.7832756 48417.956522569
1.7139225 19.7769184 48456.8937476564
1.71457064 19.770916 48495.3870420879
1.71521878 19.7652645 48533.4502567406
1.71586692 19.7599354 48571.0741576965
1.71651495 19.7549 48608.2494106685
1.71716309 19.7501354 48644.8311836566
1.71781123 19.7458553 48680.7631698331
1.71845937 19.7418289 48715.9286404275
1.71910751 19.7364388 48762.3159312634
1.71975565 19.7150097 48862.5218097411
1.72040379 19.6087112 49317.7760598513
1.72105193 19.1232071 52683.5619399472
1.72176659 11.701476815 36844.4053451106
1.72248125 4.27974653 21005.2487502739
1.72326255 3.66645384 14081.1887379222
1.72404373 3.4020009 11478.5787726936
1.72482502 3.23094416 10276.428607777
1.7256062 3.1044488 9652.8153877268
1.7263875 3.00489998 9322.92825893512
1.7271688 2.92329264 9144.48389309295
1.72794998 2.85428739 9039.8186644303
1.72873127 2.7943151 8972.51037611781
1.72951245 2.74154782 8928.08025439938
1.73029375 2.69449234 8894.87654980784
1.73107505 2.65187097 8865.02393451257
1.73185623 2.61270618 8834.48194699983
1.73263752 2.57630944 8801.54173025776
1.7334187 2.54220772 8765.67571641222
1.7342 2.51006937 8726.94701728698
1.7349813 2.47965097 8685.69447753381
1.73576248 2.45076203 8642.35392805655
1.73654377 2.42324591 8597.35710471703
1.73732495 2.39697027 8551.09251458814
1.73810625 2.37182045 8503.89317090154
1.73888755 2.34769797 8456.03774728745
1.73966873 2.32451701 8407.75759354514
1.74045002 2.30220294 8359.24667214189
1.7412312 2.28069091 8310.66914608493
1.7420125 2.25992417 8262.16056327184
1.7427938 2.23985314 8213.8237413748
1.74357498 2.22043252 8165.75273588052
1.74435627 2.20162225 8118.03985586075
1.74513745 2.18338704 8070.74587454911
1.74591875 2.16569448 8023.88654982779
1.74669999 2.14875591 7977.79635027427
1.74748123 2.13181734 7931.70615072074
1.74826252 2.11557984 7886.42364801738
1.7490437 2.09977746 7841.71542477019
1.749825 2.08438921 7797.58792464819
1.7506063 2.0693953 7754.03530619441
1.75138748 2.05477738 7711.07040656257
1.75216877 2.04051828 7668.70491870348
1.75294995 2.02660322 7626.93533975034
1.75373125 2.01301813 7585.75816683633
1.75451255 1.9997499 7545.17514637643
1.75529373 1.98678696 7505.18744264728
1.75607502 1.97411823 7465.79272709558
1.7568562 1.96173394 7426.98866113118
1.7576375 1.94962466 7388.77349833911
1.7584188 1.93778157 7351.14371577882
1.75919998 1.92619658 7314.09699493388
1.75998127 1.91486168 7277.62865862398
1.76076245 1.90376925 7241.7328453184
1.76154375 1.89291203 7206.40490794742
1.76232505 1.88228309 7171.63723856538
1.76310623 1.87187517 7137.42223926345
1.76388752 1.8616817 7103.75233220656
1.7646687 1.85169578 7070.61638650851
1.76545 1.84191179 7038.00975509956
1.7662313 1.83232105 7005.90965429015
1.76701248 1.82292593 6974.32248760185
1.76779377 1.81370068 6943.15246316982
1.76857495 1.8046658 6912.67181095527
1.76935625 1.7955935 6883.48463998501
1.77013755 1.78691101 6857.45167511525
